<<<<<<< HEAD
0.56040788 8.56688752 0.07308942
0.000 0.17335532 -0.00357832
0.001 0.17335648 -0.00357831
0.002 0.17335793 -0.00357830
0.003 0.17335933 -0.00357828
0.004 0.17336153 -0.00357825
0.005 0.17336453 -0.00357822
0.006 0.17336828 -0.00357817
0.007 0.17337276 -0.00357812
0.008 0.17337795 -0.00357806
0.009 0.17338384 -0.00357799
0.010 0.17339043 -0.00357792
0.011 0.17339772 -0.00357784
0.012 0.17340571 -0.00357774
0.013 0.17341440 -0.00357765
0.014 0.17342378 -0.00357754
0.015 0.17343386 -0.00357742
0.016 0.17344464 -0.00357730
0.017 0.17345611 -0.00357717
0.018 0.17346828 -0.00357703
0.019 0.17348115 -0.00357688
0.020 0.17349471 -0.00357673
0.021 0.17350897 -0.00357657
0.022 0.17352393 -0.00357640
0.023 0.17353959 -0.00357622
0.024 0.17355594 -0.00357603
0.025 0.17357299 -0.00357584
0.026 0.17359073 -0.00357563
0.027 0.17360918 -0.00357542
0.028 0.17362832 -0.00357520
0.029 0.17364816 -0.00357498
0.030 0.17366870 -0.00357474
0.031 0.17368994 -0.00357450
0.032 0.17371188 -0.00357425
0.033 0.17373451 -0.00357399
0.034 0.17375785 -0.00357373
0.035 0.17378188 -0.00357345
0.036 0.17380662 -0.00357317
0.037 0.17383205 -0.00357288
0.038 0.17385819 -0.00357258
0.039 0.17388502 -0.00357227
0.040 0.17391256 -0.00357196
0.041 0.17394080 -0.00357164
0.042 0.17396973 -0.00357131
0.043 0.17399937 -0.00357097
0.044 0.17402972 -0.00357062
0.045 0.17406076 -0.00357027
0.046 0.17409251 -0.00356990
0.047 0.17412496 -0.00356953
0.048 0.17415811 -0.00356916
0.049 0.17419197 -0.00356877
0.050 0.17422653 -0.00356837
0.051 0.17426180 -0.00356797
0.052 0.17429777 -0.00356756
0.053 0.17433444 -0.00356714
0.054 0.17437182 -0.00356671
0.055 0.17440991 -0.00356628
0.056 0.17444870 -0.00356584
0.057 0.17448820 -0.00356539
0.058 0.17452841 -0.00356493
0.059 0.17456932 -0.00356446
0.060 0.17461095 -0.00356398
0.061 0.17465328 -0.00356350
0.062 0.17469632 -0.00356301
0.063 0.17474007 -0.00356251
0.064 0.17478453 -0.00356200
0.065 0.17482970 -0.00356149
0.066 0.17487558 -0.00356096
0.067 0.17492217 -0.00356043
0.068 0.17496947 -0.00355989
0.069 0.17501749 -0.00355934
0.070 0.17506622 -0.00355878
0.071 0.17511566 -0.00355822
0.072 0.17516581 -0.00355764
0.073 0.17521668 -0.00355706
0.074 0.17526827 -0.00355647
0.075 0.17532057 -0.00355588
0.076 0.17537358 -0.00355527
0.077 0.17542731 -0.00355466
0.078 0.17548176 -0.00355403
0.079 0.17553693 -0.00355340
0.080 0.17559282 -0.00355276
0.081 0.17564942 -0.00355212
0.082 0.17570674 -0.00355146
0.083 0.17576479 -0.00355080
0.084 0.17582355 -0.00355013
0.085 0.17588304 -0.00354945
0.086 0.17594324 -0.00354876
0.087 0.17600417 -0.00354806
0.088 0.17606582 -0.00354736
0.089 0.17612820 -0.00354664
0.090 0.17619130 -0.00354592
0.091 0.17625513 -0.00354519
0.092 0.17631968 -0.00354445
0.093 0.17638496 -0.00354371
0.094 0.17645097 -0.00354295
0.095 0.17651770 -0.00354219
0.096 0.17658516 -0.00354142
0.097 0.17665335 -0.00354064
0.098 0.17672227 -0.00353985
0.099 0.17679193 -0.00353905
0.100 0.17686231 -0.00353825
0.101 0.17693343 -0.00353743
0.102 0.17700528 -0.00353661
0.103 0.17707786 -0.00353578
0.104 0.17715118 -0.00353494
0.105 0.17722523 -0.00353410
0.106 0.17730002 -0.00353324
0.107 0.17737554 -0.00353238
0.108 0.17745181 -0.00353150
0.109 0.17752881 -0.00353062
0.110 0.17760655 -0.00352973
0.111 0.17768503 -0.00352883
0.112 0.17776425 -0.00352793
0.113 0.17784422 -0.00352701
0.114 0.17792492 -0.00352609
0.115 0.17800637 -0.00352515
0.116 0.17808857 -0.00352421
0.117 0.17817151 -0.00352326
0.118 0.17825520 -0.00352230
0.119 0.17833963 -0.00352134
0.120 0.17842481 -0.00352036
0.121 0.17851074 -0.00351938
0.122 0.17859742 -0.00351839
0.123 0.17868485 -0.00351738
0.124 0.17877303 -0.00351637
0.125 0.17886197 -0.00351535
0.126 0.17895165 -0.00351433
0.127 0.17904210 -0.00351329
0.128 0.17913329 -0.00351225
0.129 0.17922525 -0.00351119
0.130 0.17931796 -0.00351013
0.131 0.17941143 -0.00350906
0.132 0.17950566 -0.00350798
0.133 0.17960065 -0.00350689
0.134 0.17969640 -0.00350579
0.135 0.17979291 -0.00350469
0.136 0.17989019 -0.00350357
0.137 0.17998823 -0.00350245
0.138 0.18008704 -0.00350131
0.139 0.18018661 -0.00350017
0.140 0.18028695 -0.00349902
0.141 0.18038806 -0.00349786
0.142 0.18048994 -0.00349669
0.143 0.18059259 -0.00349552
0.144 0.18069601 -0.00349433
0.145 0.18080021 -0.00349313
0.146 0.18090517 -0.00349193
0.147 0.18101092 -0.00349072
0.148 0.18111744 -0.00348949
0.149 0.18122474 -0.00348826
0.150 0.18133282 -0.00348702
0.151 0.18144167 -0.00348577
0.152 0.18155131 -0.00348452
0.153 0.18166173 -0.00348325
0.154 0.18177293 -0.00348197
0.155 0.18188492 -0.00348069
0.156 0.18199769 -0.00347939
0.157 0.18211125 -0.00347809
0.158 0.18222560 -0.00347677
0.159 0.18234074 -0.00347545
0.160 0.18245667 -0.00347412
0.161 0.18257339 -0.00347278
0.162 0.18269090 -0.00347143
0.163 0.18280921 -0.00347007
0.164 0.18292832 -0.00346870
0.165 0.18304822 -0.00346732
0.166 0.18316892 -0.00346594
0.167 0.18329041 -0.00346454
0.168 0.18341271 -0.00346314
0.169 0.18353581 -0.00346172
0.170 0.18365972 -0.00346030
0.171 0.18378443 -0.00345886
0.172 0.18390994 -0.00345742
0.173 0.18403627 -0.00345597
0.174 0.18416340 -0.00345451
0.175 0.18429134 -0.00345304
0.176 0.18442009 -0.00345155
0.177 0.18454966 -0.00345006
0.178 0.18468004 -0.00344856
0.179 0.18481124 -0.00344706
0.180 0.18494325 -0.00344554
0.181 0.18507608 -0.00344401
0.182 0.18520974 -0.00344247
0.183 0.18534421 -0.00344092
0.184 0.18547951 -0.00343937
0.185 0.18561563 -0.00343780
0.186 0.18575258 -0.00343622
0.187 0.18589035 -0.00343464
0.188 0.18602895 -0.00343304
0.189 0.18616839 -0.00343144
0.190 0.18630865 -0.00342982
0.191 0.18644975 -0.00342820
0.192 0.18659168 -0.00342656
0.193 0.18673445 -0.00342492
0.194 0.18687806 -0.00342326
0.195 0.18702250 -0.00342160
0.196 0.18716779 -0.00341992
0.197 0.18731392 -0.00341824
0.198 0.18746090 -0.00341655
0.199 0.18760872 -0.00341484
0.200 0.18775738 -0.00341313
0.201 0.18790690 -0.00341141
0.202 0.18805727 -0.00340967
0.203 0.18820849 -0.00340793
0.204 0.18836056 -0.00340618
0.205 0.18851349 -0.00340441
0.206 0.18866727 -0.00340264
0.207 0.18882192 -0.00340085
0.208 0.18897742 -0.00339906
0.209 0.18913379 -0.00339726
0.210 0.18929102 -0.00339544
0.211 0.18944912 -0.00339362
0.212 0.18960808 -0.00339178
0.213 0.18976791 -0.00338994
0.214 0.18992862 -0.00338808
0.215 0.19009019 -0.00338622
0.216 0.19025264 -0.00338434
0.217 0.19041597 -0.00338246
0.218 0.19058017 -0.00338056
0.219 0.19074525 -0.00337866
0.220 0.19091122 -0.00337674
0.221 0.19107807 -0.00337481
0.222 0.19124580 -0.00337287
0.223 0.19141442 -0.00337092
0.224 0.19158393 -0.00336897
0.225 0.19175433 -0.00336700
0.226 0.19192562 -0.00336502
0.227 0.19209780 -0.00336303
0.228 0.19227088 -0.00336103
0.229 0.19244486 -0.00335901
0.230 0.19261974 -0.00335699
0.231 0.19279552 -0.00335496
0.232 0.19297221 -0.00335292
0.233 0.19314980 -0.00335086
0.234 0.19332830 -0.00334880
0.235 0.19350770 -0.00334672
0.236 0.19368802 -0.00334463
0.237 0.19386925 -0.00334254
0.238 0.19405140 -0.00334043
0.239 0.19423447 -0.00333831
0.240 0.19441845 -0.00333618
0.241 0.19460336 -0.00333404
0.242 0.19478919 -0.00333189
0.243 0.19497594 -0.00332972
0.244 0.19516362 -0.00332755
0.245 0.19535223 -0.00332537
0.246 0.19554178 -0.00332317
0.247 0.19573225 -0.00332096
0.248 0.19592367 -0.00331874
0.249 0.19611602 -0.00331652
0.250 0.19630931 -0.00331427
0.251 0.19650354 -0.00331202
0.252 0.19669872 -0.00330976
0.253 0.19689484 -0.00330749
0.254 0.19709192 -0.00330520
0.255 0.19728994 -0.00330290
0.256 0.19748891 -0.00330060
0.257 0.19768885 -0.00329828
0.258 0.19788973 -0.00329595
0.259 0.19809158 -0.00329360
0.260 0.19829439 -0.00329125
0.261 0.19849817 -0.00328888
0.262 0.19870291 -0.00328651
0.263 0.19890861 -0.00328412
0.264 0.19911529 -0.00328172
0.265 0.19932294 -0.00327931
0.266 0.19953157 -0.00327688
0.267 0.19974118 -0.00327445
0.268 0.19995176 -0.00327200
0.269 0.20016333 -0.00326955
0.270 0.20037588 -0.00326708
0.271 0.20058942 -0.00326459
0.272 0.20080395 -0.00326210
0.273 0.20101947 -0.00325959
0.274 0.20123598 -0.00325708
0.275 0.20145349 -0.00325455
0.276 0.20167200 -0.00325201
0.277 0.20189151 -0.00324945
0.278 0.20211202 -0.00324689
0.279 0.20233354 -0.00324431
0.280 0.20255607 -0.00324172
0.281 0.20277961 -0.00323912
0.282 0.20300416 -0.00323650
0.283 0.20322973 -0.00323388
0.284 0.20345632 -0.00323124
0.285 0.20368393 -0.00322859
0.286 0.20391256 -0.00322593
0.287 0.20414222 -0.00322325
0.288 0.20437291 -0.00322056
0.289 0.20460463 -0.00321786
0.290 0.20483738 -0.00321515
0.291 0.20507117 -0.00321243
0.292 0.20530599 -0.00320969
0.293 0.20554186 -0.00320694
0.294 0.20577878 -0.00320418
0.295 0.20601674 -0.00320140
0.296 0.20625575 -0.00319862
0.297 0.20649581 -0.00319581
0.298 0.20673692 -0.00319300
0.299 0.20697910 -0.00319018
0.300 0.20722233 -0.00318734
0.301 0.20746663 -0.00318449
0.302 0.20771199 -0.00318162
0.303 0.20795842 -0.00317874
0.304 0.20820593 -0.00317585
0.305 0.20845450 -0.00317295
0.306 0.20870416 -0.00317003
0.307 0.20895489 -0.00316711
0.308 0.20920671 -0.00316416
0.309 0.20945961 -0.00316121
0.310 0.20971359 -0.00315824
0.311 0.20996867 -0.00315526
0.312 0.21022485 -0.00315226
0.313 0.21048212 -0.00314925
0.314 0.21074048 -0.00314623
0.315 0.21099995 -0.00314320
0.316 0.21126053 -0.00314015
0.317 0.21152222 -0.00313709
0.318 0.21178501 -0.00313401
0.319 0.21204892 -0.00313092
0.320 0.21231395 -0.00312782
0.321 0.21258009 -0.00312470
0.322 0.21284736 -0.00312157
0.323 0.21311576 -0.00311843
0.324 0.21338528 -0.00311527
0.325 0.21365594 -0.00311210
0.326 0.21392773 -0.00310892
0.327 0.21420066 -0.00310572
0.328 0.21447473 -0.00310251
0.329 0.21474995 -0.00309928
0.330 0.21502631 -0.00309604
0.331 0.21530382 -0.00309279
0.332 0.21558249 -0.00308952
0.333 0.21586231 -0.00308623
0.334 0.21614330 -0.00308294
0.335 0.21642544 -0.00307963
0.336 0.21670876 -0.00307630
0.337 0.21699324 -0.00307296
0.338 0.21727890 -0.00306961
0.339 0.21756573 -0.00306624
0.340 0.21785374 -0.00306286
0.341 0.21814293 -0.00305946
0.342 0.21843331 -0.00305605
0.343 0.21872488 -0.00305262
0.344 0.21901764 -0.00304918
0.345 0.21931159 -0.00304573
0.346 0.21960675 -0.00304226
0.347 0.21990311 -0.00303877
0.348 0.22020067 -0.00303527
0.349 0.22049944 -0.00303176
0.350 0.22079943 -0.00302823
0.351 0.22110063 -0.00302468
0.352 0.22140305 -0.00302113
0.353 0.22170669 -0.00301755
0.354 0.22201156 -0.00301396
0.355 0.22231766 -0.00301036
0.356 0.22262499 -0.00300674
0.357 0.22293356 -0.00300310
0.358 0.22324337 -0.00299945
0.359 0.22355442 -0.00299579
0.360 0.22386672 -0.00299211
0.361 0.22418027 -0.00298841
0.362 0.22449507 -0.00298470
0.363 0.22481114 -0.00298097
0.364 0.22512846 -0.00297723
0.365 0.22544705 -0.00297347
0.366 0.22576691 -0.00296970
0.367 0.22608804 -0.00296591
0.368 0.22641045 -0.00296210
0.369 0.22673413 -0.00295828
0.370 0.22705910 -0.00295445
0.371 0.22738536 -0.00295059
0.372 0.22771291 -0.00294673
0.373 0.22804176 -0.00294284
0.374 0.22837190 -0.00293894
0.375 0.22870334 -0.00293502
0.376 0.22903610 -0.00293109
0.377 0.22937016 -0.00292714
0.378 0.22970553 -0.00292317
0.379 0.23004222 -0.00291919
0.380 0.23038024 -0.00291519
0.381 0.23071958 -0.00291118
0.382 0.23106025 -0.00290715
0.383 0.23140225 -0.00290310
0.384 0.23174559 -0.00289904
0.385 0.23209027 -0.00289496
0.386 0.23243629 -0.00289086
0.387 0.23278367 -0.00288674
0.388 0.23313240 -0.00288261
0.389 0.23348248 -0.00287846
0.390 0.23383393 -0.00287430
0.391 0.23418674 -0.00287012
0.392 0.23454092 -0.00286592
0.393 0.23489647 -0.00286170
0.394 0.23525341 -0.00285747
0.395 0.23561172 -0.00285322
0.396 0.23597142 -0.00284895
0.397 0.23633251 -0.00284467
0.398 0.23669499 -0.00284036
0.399 0.23705887 -0.00283604
0.400 0.23742415 -0.00283171
0.401 0.23779084 -0.00282735
0.402 0.23815894 -0.00282298
0.403 0.23852846 -0.00281859
0.404 0.23889940 -0.00281418
0.405 0.23927176 -0.00280975
0.406 0.23964554 -0.00280531
0.407 0.24002076 -0.00280085
0.408 0.24039742 -0.00279637
0.409 0.24077552 -0.00279187
0.410 0.24115506 -0.00278735
0.411 0.24153606 -0.00278282
0.412 0.24191851 -0.00277827
0.413 0.24230241 -0.00277370
0.414 0.24268779 -0.00276911
0.415 0.24307462 -0.00276450
0.416 0.24346293 -0.00275988
0.417 0.24385272 -0.00275523
0.418 0.24424399 -0.00275057
0.419 0.24463675 -0.00274589
0.420 0.24503099 -0.00274119
0.421 0.24542673 -0.00273647
0.422 0.24582398 -0.00273173
0.423 0.24622272 -0.00272697
0.424 0.24662298 -0.00272220
0.425 0.24702474 -0.00271740
0.426 0.24742803 -0.00271259
0.427 0.24783284 -0.00270775
0.428 0.24823918 -0.00270290
0.429 0.24864705 -0.00269803
0.430 0.24905646 -0.00269314
0.431 0.24946741 -0.00268823
0.432 0.24987990 -0.00268330
0.433 0.25029395 -0.00267835
0.434 0.25070956 -0.00267338
0.435 0.25112673 -0.00266839
0.436 0.25154546 -0.00266338
0.437 0.25196577 -0.00265835
0.438 0.25238765 -0.00265330
0.439 0.25281111 -0.00264823
0.440 0.25323616 -0.00264314
0.441 0.25366280 -0.00263803
0.442 0.25409104 -0.00263290
0.443 0.25452088 -0.00262775
0.444 0.25495232 -0.00262258
0.445 0.25538538 -0.00261739
0.446 0.25582005 -0.00261218
0.447 0.25625635 -0.00260695
0.448 0.25669427 -0.00260169
0.449 0.25713383 -0.00259642
0.450 0.25757502 -0.00259113
0.451 0.25801785 -0.00258581
0.452 0.25846233 -0.00258048
0.453 0.25890847 -0.00257512
0.454 0.25935626 -0.00256974
0.455 0.25980572 -0.00256434
0.456 0.26025684 -0.00255892
0.457 0.26070964 -0.00255348
0.458 0.26116412 -0.00254802
0.459 0.26162028 -0.00254253
0.460 0.26207814 -0.00253702
0.461 0.26253769 -0.00253150
0.462 0.26299894 -0.00252595
0.463 0.26346190 -0.00252037
0.464 0.26392657 -0.00251478
0.465 0.26439295 -0.00250917
0.466 0.26486106 -0.00250353
0.467 0.26533090 -0.00249787
0.468 0.26580248 -0.00249219
0.469 0.26627579 -0.00248648
0.470 0.26675085 -0.00248076
0.471 0.26722766 -0.00247501
0.472 0.26770623 -0.00246924
0.473 0.26818656 -0.00246344
0.474 0.26866866 -0.00245763
0.475 0.26915253 -0.00245179
0.476 0.26963818 -0.00244592
0.477 0.27012562 -0.00244004
0.478 0.27061485 -0.00243413
0.479 0.27110588 -0.00242820
0.480 0.27159871 -0.00242224
0.481 0.27209335 -0.00241627
0.482 0.27258980 -0.00241026
0.483 0.27308808 -0.00240424
0.484 0.27358818 -0.00239819
0.485 0.27409011 -0.00239212
0.486 0.27459389 -0.00238602
0.487 0.27509950 -0.00237991
0.488 0.27560697 -0.00237376
0.489 0.27611630 -0.00236759
0.490 0.27662749 -0.00236140
0.491 0.27714055 -0.00235519
0.492 0.27765548 -0.00234895
0.493 0.27817230 -0.00234268
0.494 0.27869100 -0.00233640
0.495 0.27921160 -0.00233008
0.496 0.27973409 -0.00232375
0.497 0.28025850 -0.00231738
0.498 0.28078481 -0.00231100
0.499 0.28131305 -0.00230458
0.500 0.28131305 -0.00227247
0.501 0.28183308 -0.00226602
0.502 0.28235507 -0.00225955
0.503 0.28287901 -0.00225305
0.504 0.28340493 -0.00224653
0.505 0.28393282 -0.00223998
0.506 0.28446268 -0.00223340
0.507 0.28499454 -0.00222680
0.508 0.28552838 -0.00222018
0.509 0.28606422 -0.00221353
0.510 0.28660206 -0.00220685
0.511 0.28714192 -0.00220015
0.512 0.28768379 -0.00219342
0.513 0.28822768 -0.00218667
0.514 0.28877360 -0.00217989
0.515 0.28932155 -0.00217308
0.516 0.28987154 -0.00216625
0.517 0.29042358 -0.00215939
0.518 0.29097768 -0.00215250
0.519 0.29153383 -0.00214559
0.520 0.29209205 -0.00213866
0.521 0.29265235 -0.00213169
0.522 0.29321472 -0.00212470
0.523 0.29377918 -0.00211768
0.524 0.29434573 -0.00211064
0.525 0.29491437 -0.00210356
0.526 0.29548513 -0.00209647
0.527 0.29605799 -0.00208934
0.528 0.29663298 -0.00208218
0.529 0.29721009 -0.00207500
0.530 0.29778933 -0.00206779
0.531 0.29837071 -0.00206056
0.532 0.29895424 -0.00205329
0.533 0.29953991 -0.00204600
0.534 0.30012775 -0.00203868
0.535 0.30071776 -0.00203133
0.536 0.30130993 -0.00202395
0.537 0.30190429 -0.00201655
0.538 0.30250083 -0.00200911
0.539 0.30309957 -0.00200165
0.540 0.30370051 -0.00199416
0.541 0.30430366 -0.00198664
0.542 0.30490902 -0.00197909
0.543 0.30551660 -0.00197151
0.544 0.30612642 -0.00196391
0.545 0.30673847 -0.00195627
0.546 0.30735276 -0.00194861
0.547 0.30796930 -0.00194091
0.548 0.30858811 -0.00193319
0.549 0.30920918 -0.00192543
0.550 0.30983252 -0.00191765
0.551 0.31045814 -0.00190984
0.552 0.31108605 -0.00190199
0.553 0.31171625 -0.00189412
0.554 0.31234876 -0.00188621
0.555 0.31298358 -0.00187828
0.556 0.31362071 -0.00187032
0.557 0.31426017 -0.00186232
0.558 0.31490197 -0.00185429
0.559 0.31554610 -0.00184624
0.560 0.31619258 -0.00183815
0.561 0.31684142 -0.00183003
0.562 0.31749262 -0.00182188
0.563 0.31814619 -0.00181370
0.564 0.31880214 -0.00180549
0.565 0.31946048 -0.00179724
0.566 0.32012121 -0.00178896
0.567 0.32078435 -0.00178066
0.568 0.32144989 -0.00177232
0.569 0.32211786 -0.00176394
0.570 0.32278825 -0.00175554
0.571 0.32346108 -0.00174710
0.572 0.32413634 -0.00173864
0.573 0.32481406 -0.00173013
0.574 0.32549424 -0.00172160
0.575 0.32617689 -0.00171303
0.576 0.32686200 -0.00170443
0.577 0.32754961 -0.00169580
0.578 0.32823970 -0.00168713
0.579 0.32893230 -0.00167844
0.580 0.32962740 -0.00166970
0.581 0.33032502 -0.00166094
0.582 0.33102516 -0.00165214
0.583 0.33172784 -0.00164330
0.584 0.33243306 -0.00163443
0.585 0.33314083 -0.00162553
0.586 0.33385116 -0.00161660
0.587 0.33456405 -0.00160763
0.588 0.33527953 -0.00159862
0.589 0.33599758 -0.00158958
0.590 0.33671823 -0.00158051
0.591 0.33744148 -0.00157140
0.592 0.33816735 -0.00156225
0.593 0.33889583 -0.00155307
0.594 0.33962694 -0.00154386
0.595 0.34036069 -0.00153461
0.596 0.34109708 -0.00152532
0.597 0.34183613 -0.00151600
0.598 0.34257784 -0.00150664
0.599 0.34332223 -0.00149725
0.600 0.34406930 -0.00148782
0.601 0.34481905 -0.00147835
0.602 0.34557151 -0.00146885
0.603 0.34632668 -0.00145931
0.604 0.34708456 -0.00144974
0.605 0.34784518 -0.00144013
0.606 0.34860853 -0.00143048
0.607 0.34937462 -0.00142079
0.608 0.35014347 -0.00141106
0.609 0.35091509 -0.00140130
0.610 0.35168948 -0.00139150
0.611 0.35246665 -0.00138167
0.612 0.35324662 -0.00137179
0.613 0.35402939 -0.00136188
0.614 0.35481497 -0.00135193
0.615 0.35560337 -0.00134194
0.616 0.35639460 -0.00133191
0.617 0.35718868 -0.00132185
0.618 0.35798560 -0.00131174
0.619 0.35878538 -0.00130160
0.620 0.35958804 -0.00129141
0.621 0.36039357 -0.00128119
0.622 0.36120200 -0.00127093
0.623 0.36201332 -0.00126063
0.624 0.36282755 -0.00125028
0.625 0.36364470 -0.00123990
0.626 0.36446478 -0.00122948
0.627 0.36528780 -0.00121902
0.628 0.36611377 -0.00120852
0.629 0.36694269 -0.00119798
0.630 0.36777459 -0.00118739
0.631 0.36860946 -0.00117677
0.632 0.36944733 -0.00116610
0.633 0.37028820 -0.00115540
0.634 0.37113207 -0.00114465
0.635 0.37197897 -0.00113386
0.636 0.37282890 -0.00112303
0.637 0.37368187 -0.00111216
0.638 0.37453789 -0.00110124
0.639 0.37539697 -0.00109028
0.640 0.37625912 -0.00107929
0.641 0.37712436 -0.00106824
0.642 0.37799270 -0.00105716
0.643 0.37886413 -0.00104603
0.644 0.37973869 -0.00103486
0.645 0.38061636 -0.00102365
0.646 0.38149718 -0.00101239
0.647 0.38238114 -0.00100109
0.648 0.38326826 -0.00098975
0.649 0.38415855 -0.00097836
0.650 0.38505203 -0.00096693
0.651 0.38594869 -0.00095545
0.652 0.38684855 -0.00094393
0.653 0.38775163 -0.00093236
0.654 0.38865793 -0.00092075
0.655 0.38956746 -0.00090910
0.656 0.39048025 -0.00089740
0.657 0.39139629 -0.00088565
0.658 0.39231560 -0.00087386
0.659 0.39323819 -0.00086203
0.660 0.39416407 -0.00085014
0.661 0.39509325 -0.00083821
0.662 0.39602575 -0.00082624
0.663 0.39696157 -0.00081422
0.664 0.39790074 -0.00080215
0.665 0.39884325 -0.00079003
0.666 0.39978912 -0.00077787
0.667 0.40073836 -0.00076566
0.668 0.40169098 -0.00075341
0.669 0.40264701 -0.00074110
0.670 0.40360643 -0.00072875
0.671 0.40456928 -0.00071635
0.672 0.40553556 -0.00070391
0.673 0.40650528 -0.00069141
0.674 0.40747846 -0.00067886
0.675 0.40845510 -0.00066627
0.676 0.40943522 -0.00065363
0.677 0.41041883 -0.00064094
0.678 0.41140594 -0.00062820
0.679 0.41239657 -0.00061541
0.680 0.41339072 -0.00060257
0.681 0.41438842 -0.00058968
0.682 0.41538966 -0.00057674
0.683 0.41639447 -0.00056375
0.684 0.41740285 -0.00055071
0.685 0.41841483 -0.00053762
0.686 0.41943040 -0.00052447
0.687 0.42044959 -0.00051128
0.688 0.42147240 -0.00049803
0.689 0.42249885 -0.00048474
0.690 0.42352896 -0.00047139
0.691 0.42456272 -0.00045799
0.692 0.42560016 -0.00044454
0.693 0.42664130 -0.00043103
0.694 0.42768613 -0.00041748
0.695 0.42873468 -0.00040387
0.696 0.42978695 -0.00039020
0.697 0.43084297 -0.00037649
0.698 0.43190274 -0.00036272
0.699 0.43296628 -0.00034889
0.700 0.43403359 -0.00033502
0.701 0.43510470 -0.00032108
0.702 0.43617962 -0.00030710
0.703 0.43725835 -0.00029306
0.704 0.43834091 -0.00027896
0.705 0.43942733 -0.00026481
0.706 0.44051760 -0.00025061
0.707 0.44161174 -0.00023635
0.708 0.44270977 -0.00022203
0.709 0.44381170 -0.00020766
0.710 0.44491754 -0.00019323
0.711 0.44602730 -0.00017874
0.712 0.44714101 -0.00016420
0.713 0.44825867 -0.00014960
0.714 0.44938030 -0.00013495
0.715 0.45050590 -0.00012024
0.716 0.45163551 -0.00010547
0.717 0.45276912 -0.00009064
0.718 0.45390675 -0.00007575
0.719 0.45504842 -0.00006081
0.720 0.45619414 -0.00004581
0.721 0.45734393 -0.00003074
0.722 0.45849779 -0.00001562
0.723 0.45965575 -0.00000044
0.724 0.46081781 0.00001479
0.725 0.46198400 0.00003009
0.726 0.46315432 0.00004545
0.727 0.46432879 0.00006087
0.728 0.46550742 0.00007635
0.729 0.46669023 0.00009189
0.730 0.46787724 0.00010749
0.731 0.46906845 0.00012315
0.732 0.47026388 0.00013887
0.733 0.47146355 0.00015466
0.734 0.47266747 0.00017050
0.735 0.47387566 0.00018641
0.736 0.47508813 0.00020238
0.737 0.47630489 0.00021842
0.738 0.47752596 0.00023451
0.739 0.47875136 0.00025067
0.740 0.47998110 0.00026690
0.741 0.48121519 0.00028318
0.742 0.48245366 0.00029954
0.743 0.48369651 0.00031595
0.744 0.48494376 0.00033243
0.745 0.48619542 0.00034897
0.746 0.48745151 0.00036558
0.747 0.48871206 0.00038226
0.748 0.48997706 0.00039900
0.749 0.49124654 0.00041580
0.750 0.49252051 0.00043268
0.751 0.49379899 0.00044961
0.752 0.49508199 0.00046662
0.753 0.49636953 0.00048369
0.754 0.49766162 0.00050083
0.755 0.49895828 0.00051804
0.756 0.50025953 0.00053531
0.757 0.50156538 0.00055265
0.758 0.50287585 0.00057006
0.759 0.50419095 0.00058754
0.760 0.50551070 0.00060509
0.761 0.50683512 0.00062271
0.762 0.50816421 0.00064039
0.763 0.50949801 0.00065815
0.764 0.51083651 0.00067598
0.765 0.51217975 0.00069387
0.766 0.51352773 0.00071184
0.767 0.51488047 0.00072988
0.768 0.51623799 0.00074798
0.769 0.51760030 0.00076616
0.770 0.51896743 0.00078442
0.771 0.52033938 0.00080274
0.772 0.52171617 0.00082114
0.773 0.52309783 0.00083961
0.774 0.52448436 0.00085815
0.775 0.52587579 0.00087676
0.776 0.52727212 0.00089545
0.777 0.52867339 0.00091421
0.778 0.53007959 0.00093305
0.779 0.53149076 0.00095196
0.780 0.53290691 0.00097095
0.781 0.53432804 0.00099001
0.782 0.53575419 0.00100914
0.783 0.53718537 0.00102835
0.784 0.53862160 0.00104764
0.785 0.54006288 0.00106700
0.786 0.54150925 0.00108644
0.787 0.54296071 0.00110596
0.788 0.54441729 0.00112556
0.789 0.54587900 0.00114523
0.790 0.54734586 0.00116498
0.791 0.54881789 0.00118481
0.792 0.55029509 0.00120471
0.793 0.55177750 0.00122470
0.794 0.55326513 0.00124476
0.795 0.55475800 0.00126491
0.796 0.55625612 0.00128513
0.797 0.55775951 0.00130543
0.798 0.55926820 0.00132582
0.799 0.56078219 0.00134628
0.800 0.56230150 0.00136683
0.801 0.56382616 0.00138746
0.802 0.56535618 0.00140817
0.803 0.56689158 0.00142896
0.804 0.56843238 0.00144983
0.805 0.56997859 0.00147079
0.806 0.57153024 0.00149183
0.807 0.57308734 0.00151295
0.808 0.57464991 0.00153416
0.809 0.57621796 0.00155545
0.810 0.57779153 0.00157683
0.811 0.57937062 0.00159829
0.812 0.58095525 0.00161983
0.813 0.58254545 0.00164147
0.814 0.58414122 0.00166318
0.815 0.58574260 0.00168499
0.816 0.58734959 0.00170688
0.817 0.58896222 0.00172886
0.818 0.59058051 0.00175092
0.819 0.59220447 0.00177307
0.820 0.59383412 0.00179531
0.821 0.59546948 0.00181764
0.822 0.59711058 0.00184006
0.823 0.59875742 0.00186257
0.824 0.60041004 0.00188517
0.825 0.60206844 0.00190785
0.826 0.60373265 0.00193063
0.827 0.60540268 0.00195350
0.828 0.60707856 0.00197646
0.829 0.60876030 0.00199951
0.830 0.61044793 0.00202265
0.831 0.61214145 0.00204588
0.832 0.61384091 0.00206921
0.833 0.61554630 0.00209263
0.834 0.61725765 0.00211614
0.835 0.61897499 0.00213975
0.836 0.62069832 0.00216345
0.837 0.62242767 0.00218724
0.838 0.62416307 0.00221113
0.839 0.62590452 0.00223512
0.840 0.62765205 0.00225920
0.841 0.62940568 0.00228337
0.842 0.63116542 0.00230765
0.843 0.63293131 0.00233202
0.844 0.63470335 0.00235648
0.845 0.63648157 0.00238105
0.846 0.63826599 0.00240571
0.847 0.64005662 0.00243047
0.848 0.64185349 0.00245533
0.849 0.64365662 0.00248029
0.850 0.64546603 0.00250535
0.851 0.64728173 0.00253051
0.852 0.64910375 0.00255577
0.853 0.65093212 0.00258113
0.854 0.65276683 0.00260659
0.855 0.65460793 0.00263215
0.856 0.65645543 0.00265782
0.857 0.65830934 0.00268358
0.858 0.66016970 0.00270945
0.859 0.66203651 0.00273543
0.860 0.66390981 0.00276151
0.861 0.66578961 0.00278769
0.862 0.66767592 0.00281398
0.863 0.66956878 0.00284037
0.864 0.67146821 0.00286687
0.865 0.67337421 0.00289347
0.866 0.67528682 0.00292018
0.867 0.67720605 0.00294700
0.868 0.67913193 0.00297392
0.869 0.68106448 0.00300095
0.870 0.68300371 0.00302809
0.871 0.68494965 0.00305534
0.872 0.68690232 0.00308270
0.873 0.68886173 0.00311016
0.874 0.69082792 0.00313774
0.875 0.69280090 0.00316543
0.876 0.69478069 0.00319323
0.877 0.69676731 0.00322114
0.878 0.69876078 0.00324916
0.879 0.70076113 0.00327729
0.880 0.70276838 0.00330554
0.881 0.70478254 0.00333390
0.882 0.70680364 0.00336237
0.883 0.70883170 0.00339096
0.884 0.71086674 0.00341966
0.885 0.71290878 0.00344847
0.886 0.71495784 0.00347741
0.887 0.71701394 0.00350645
0.888 0.71907711 0.00353562
0.889 0.72114736 0.00356490
0.890 0.72322473 0.00359430
0.891 0.72530921 0.00362381
0.892 0.72740085 0.00365345
0.893 0.72949966 0.00368320
0.894 0.73160566 0.00371307
0.895 0.73371887 0.00374307
0.896 0.73583932 0.00377318
0.897 0.73796702 0.00380341
0.898 0.74010200 0.00383377
0.899 0.74224428 0.00386425
0.900 0.74439387 0.00389485
0.901 0.74655081 0.00392557
0.902 0.74871510 0.00395641
0.903 0.75088678 0.00398738
0.904 0.75306586 0.00401847
0.905 0.75525237 0.00404969
0.906 0.75744633 0.00408103
0.907 0.75964775 0.00411250
0.908 0.76185666 0.00414410
0.909 0.76407308 0.00417582
0.910 0.76629704 0.00420767
0.911 0.76852854 0.00423965
0.912 0.77076762 0.00427175
0.913 0.77301429 0.00430399
0.914 0.77526858 0.00433635
0.915 0.77753051 0.00436885
0.916 0.77980010 0.00440147
0.917 0.78207736 0.00443422
0.918 0.78436233 0.00446711
0.919 0.78665501 0.00450013
0.920 0.78895544 0.00453328
0.921 0.79126363 0.00456657
0.922 0.79357961 0.00459998
0.923 0.79590339 0.00463354
0.924 0.79823499 0.00466722
0.925 0.80057445 0.00470105
0.926 0.80292177 0.00473500
0.927 0.80527698 0.00476910
0.928 0.80764010 0.00480333
0.929 0.81001114 0.00483770
0.930 0.81239014 0.00487221
0.931 0.81477711 0.00490685
0.932 0.81717207 0.00494164
0.933 0.81957504 0.00497656
0.934 0.82198604 0.00501163
0.935 0.82440510 0.00504683
0.936 0.82683223 0.00508218
0.937 0.82926745 0.00511767
0.938 0.83171078 0.00515330
0.939 0.83416224 0.00518908
0.940 0.83662186 0.00522499
0.941 0.83908965 0.00526106
0.942 0.84156563 0.00529727
0.943 0.84404982 0.00533362
0.944 0.84654224 0.00537012
0.945 0.84904292 0.00540676
0.946 0.85155186 0.00544356
0.947 0.85406909 0.00548050
0.948 0.85659463 0.00551759
0.949 0.85912849 0.00555482
0.950 0.86167070 0.00559221
0.951 0.86422128 0.00562975
0.952 0.86678024 0.00566744
0.953 0.86934759 0.00570528
0.954 0.87192337 0.00574327
0.955 0.87450759 0.00578141
0.956 0.87710026 0.00581971
0.957 0.87970140 0.00585816
0.958 0.88231103 0.00589677
0.959 0.88492917 0.00593553
0.960 0.88755584 0.00597444
0.961 0.89019105 0.00601352
0.962 0.89283481 0.00605274
0.963 0.89548716 0.00609213
0.964 0.89814809 0.00613168
0.965 0.90081763 0.00617138
0.966 0.90349580 0.00621124
0.967 0.90618260 0.00625126
0.968 0.90887806 0.00629145
0.969 0.91158219 0.00633179
0.970 0.91429501 0.00637230
0.971 0.91701652 0.00641297
0.972 0.91974676 0.00645380
0.973 0.92248571 0.00649479
0.974 0.92523342 0.00653595
0.975 0.92798987 0.00657728
0.976 0.93075510 0.00661877
0.977 0.93352911 0.00666043
0.978 0.93631192 0.00670225
0.979 0.93910354 0.00674424
0.980 0.94190398 0.00678640
0.981 0.94471326 0.00682873
0.982 0.94753139 0.00687123
0.983 0.95035839 0.00691390
0.984 0.95319427 0.00695673
0.985 0.95603905 0.00699974
0.986 0.95889275 0.00704293
0.987 0.96175541 0.00708628
0.988 0.96462704 0.00712981
0.989 0.96750770 0.00717352
0.990 0.97039746 0.00721739
0.991 0.97329639 0.00726145
0.992 0.97620466 0.00730568
0.993 0.97912251 0.00735009
0.994 0.98205037 0.00739467
0.995 0.98498910 0.00743943
0.996 0.98794053 0.00748438
0.997 0.99090942 0.00752950
0.998 0.99391118 0.00757480
0.999 0.99700678 0.00762028
1.000 1.00000000 0.00766594
=======
1.47431786 13.03634269 0.10143600522163759
0.000 -0.09364548 0.00217946
0.001 -0.09364627 0.00217945
0.002 -0.09364704 0.00217943
0.003 -0.09364754 0.00217940
0.004 -0.09364843 0.00217936
0.005 -0.09364971 0.00217930
0.006 -0.09365133 0.00217923
0.007 -0.09365329 0.00217915
0.008 -0.09365556 0.00217906
0.009 -0.09365815 0.00217895
0.010 -0.09366104 0.00217883
0.011 -0.09366425 0.00217870
0.012 -0.09366776 0.00217855
0.013 -0.09367158 0.00217840
0.014 -0.09367570 0.00217823
0.015 -0.09368013 0.00217805
0.016 -0.09368487 0.00217785
0.017 -0.09368992 0.00217764
0.018 -0.09369527 0.00217742
0.019 -0.09370092 0.00217719
0.020 -0.09370688 0.00217695
0.021 -0.09371315 0.00217669
0.022 -0.09371973 0.00217642
0.023 -0.09372660 0.00217613
0.024 -0.09373379 0.00217584
0.025 -0.09374128 0.00217553
0.026 -0.09374907 0.00217521
0.027 -0.09375717 0.00217488
0.028 -0.09376558 0.00217453
0.029 -0.09377429 0.00217417
0.030 -0.09378331 0.00217380
0.031 -0.09379263 0.00217342
0.032 -0.09380226 0.00217302
0.033 -0.09381219 0.00217261
0.034 -0.09382242 0.00217219
0.035 -0.09383296 0.00217176
0.036 -0.09384381 0.00217131
0.037 -0.09385496 0.00217085
0.038 -0.09386642 0.00217038
0.039 -0.09387818 0.00216989
0.040 -0.09389024 0.00216940
0.041 -0.09390261 0.00216889
0.042 -0.09391528 0.00216836
0.043 -0.09392826 0.00216783
0.044 -0.09394154 0.00216728
0.045 -0.09395513 0.00216672
0.046 -0.09396901 0.00216615
0.047 -0.09398321 0.00216556
0.048 -0.09399770 0.00216496
0.049 -0.09401250 0.00216435
0.050 -0.09402761 0.00216373
0.051 -0.09404302 0.00216309
0.052 -0.09405873 0.00216244
0.053 -0.09407474 0.00216178
0.054 -0.09409106 0.00216110
0.055 -0.09410768 0.00216041
0.056 -0.09412460 0.00215971
0.057 -0.09414183 0.00215900
0.058 -0.09415936 0.00215827
0.059 -0.09417719 0.00215753
0.060 -0.09419532 0.00215678
0.061 -0.09421376 0.00215602
0.062 -0.09423250 0.00215524
0.063 -0.09425154 0.00215445
0.064 -0.09427088 0.00215365
0.065 -0.09429052 0.00215283
0.066 -0.09431047 0.00215200
0.067 -0.09433071 0.00215116
0.068 -0.09435126 0.00215031
0.069 -0.09437211 0.00214944
0.070 -0.09439326 0.00214856
0.071 -0.09441472 0.00214767
0.072 -0.09443647 0.00214676
0.073 -0.09445852 0.00214584
0.074 -0.09448088 0.00214491
0.075 -0.09450353 0.00214397
0.076 -0.09452648 0.00214301
0.077 -0.09454974 0.00214204
0.078 -0.09457329 0.00214106
0.079 -0.09459714 0.00214006
0.080 -0.09462130 0.00213905
0.081 -0.09464575 0.00213803
0.082 -0.09467050 0.00213700
0.083 -0.09469555 0.00213595
0.084 -0.09472090 0.00213489
0.085 -0.09474655 0.00213381
0.086 -0.09477249 0.00213273
0.087 -0.09479874 0.00213163
0.088 -0.09482528 0.00213052
0.089 -0.09485212 0.00212939
0.090 -0.09487926 0.00212825
0.091 -0.09490669 0.00212710
0.092 -0.09493442 0.00212593
0.093 -0.09496245 0.00212476
0.094 -0.09499078 0.00212356
0.095 -0.09501940 0.00212236
0.096 -0.09504832 0.00212114
0.097 -0.09507753 0.00211991
0.098 -0.09510704 0.00211867
0.099 -0.09513685 0.00211741
0.100 -0.09516695 0.00211614
0.101 -0.09519735 0.00211486
0.102 -0.09522804 0.00211356
0.103 -0.09525902 0.00211225
0.104 -0.09529030 0.00211093
0.105 -0.09532188 0.00210959
0.106 -0.09535375 0.00210825
0.107 -0.09538591 0.00210688
0.108 -0.09541836 0.00210551
0.109 -0.09545111 0.00210412
0.110 -0.09548415 0.00210272
0.111 -0.09551748 0.00210130
0.112 -0.09555111 0.00209987
0.113 -0.09558503 0.00209843
0.114 -0.09561924 0.00209697
0.115 -0.09565374 0.00209551
0.116 -0.09568853 0.00209402
0.117 -0.09572361 0.00209253
0.118 -0.09575898 0.00209102
0.119 -0.09579465 0.00208950
0.120 -0.09583060 0.00208796
0.121 -0.09586684 0.00208641
0.122 -0.09590337 0.00208485
0.123 -0.09594019 0.00208327
0.124 -0.09597730 0.00208168
0.125 -0.09601470 0.00208008
0.126 -0.09605239 0.00207846
0.127 -0.09609036 0.00207683
0.128 -0.09612862 0.00207519
0.129 -0.09616717 0.00207353
0.130 -0.09620600 0.00207186
0.131 -0.09624512 0.00207018
0.132 -0.09628452 0.00206848
0.133 -0.09632422 0.00206677
0.134 -0.09636419 0.00206504
0.135 -0.09640445 0.00206330
0.136 -0.09644500 0.00206155
0.137 -0.09648583 0.00205978
0.138 -0.09652694 0.00205800
0.139 -0.09656834 0.00205621
0.140 -0.09661001 0.00205440
0.141 -0.09665197 0.00205258
0.142 -0.09669422 0.00205075
0.143 -0.09673674 0.00204890
0.144 -0.09677955 0.00204704
0.145 -0.09682263 0.00204516
0.146 -0.09686600 0.00204327
0.147 -0.09690965 0.00204137
0.148 -0.09695357 0.00203945
0.149 -0.09699778 0.00203752
0.150 -0.09704226 0.00203557
0.151 -0.09708702 0.00203361
0.152 -0.09713206 0.00203164
0.153 -0.09717738 0.00202965
0.154 -0.09722297 0.00202765
0.155 -0.09726884 0.00202563
0.156 -0.09731498 0.00202361
0.157 -0.09736140 0.00202156
0.158 -0.09740809 0.00201950
0.159 -0.09745506 0.00201743
0.160 -0.09750230 0.00201535
0.161 -0.09754982 0.00201325
0.162 -0.09759761 0.00201113
0.163 -0.09764567 0.00200901
0.164 -0.09769400 0.00200686
0.165 -0.09774260 0.00200471
0.166 -0.09779147 0.00200254
0.167 -0.09784061 0.00200035
0.168 -0.09789003 0.00199815
0.169 -0.09793971 0.00199594
0.170 -0.09798966 0.00199371
0.171 -0.09803987 0.00199147
0.172 -0.09809036 0.00198922
0.173 -0.09814111 0.00198695
0.174 -0.09819212 0.00198466
0.175 -0.09824341 0.00198236
0.176 -0.09829495 0.00198005
0.177 -0.09834676 0.00197772
0.178 -0.09839884 0.00197538
0.179 -0.09845117 0.00197302
0.180 -0.09850377 0.00197065
0.181 -0.09855663 0.00196827
0.182 -0.09860975 0.00196587
0.183 -0.09866313 0.00196345
0.184 -0.09871678 0.00196102
0.185 -0.09877068 0.00195858
0.186 -0.09882483 0.00195612
0.187 -0.09887925 0.00195365
0.188 -0.09893392 0.00195116
0.189 -0.09898885 0.00194866
0.190 -0.09904403 0.00194614
0.191 -0.09909947 0.00194361
0.192 -0.09915516 0.00194106
0.193 -0.09921111 0.00193850
0.194 -0.09926731 0.00193593
0.195 -0.09932376 0.00193334
0.196 -0.09938046 0.00193073
0.197 -0.09943741 0.00192811
0.198 -0.09949461 0.00192548
0.199 -0.09955206 0.00192283
0.200 -0.09960975 0.00192016
0.201 -0.09966770 0.00191748
0.202 -0.09972589 0.00191479
0.203 -0.09978432 0.00191208
0.204 -0.09984300 0.00190935
0.205 -0.09990192 0.00190661
0.206 -0.09996109 0.00190386
0.207 -0.10002050 0.00190109
0.208 -0.10008014 0.00189830
0.209 -0.10014003 0.00189550
0.210 -0.10020016 0.00189269
0.211 -0.10026053 0.00188986
0.212 -0.10032113 0.00188701
0.213 -0.10038197 0.00188415
0.214 -0.10044305 0.00188128
0.215 -0.10050436 0.00187839
0.216 -0.10056590 0.00187548
0.217 -0.10062768 0.00187256
0.218 -0.10068969 0.00186962
0.219 -0.10075193 0.00186667
0.220 -0.10081440 0.00186370
0.221 -0.10087710 0.00186072
0.222 -0.10094003 0.00185772
0.223 -0.10100318 0.00185471
0.224 -0.10106656 0.00185168
0.225 -0.10113016 0.00184864
0.226 -0.10119399 0.00184558
0.227 -0.10125804 0.00184250
0.228 -0.10132231 0.00183941
0.229 -0.10138681 0.00183630
0.230 -0.10145152 0.00183318
0.231 -0.10151645 0.00183004
0.232 -0.10158160 0.00182689
0.233 -0.10164696 0.00182372
0.234 -0.10171254 0.00182054
0.235 -0.10177833 0.00181734
0.236 -0.10184433 0.00181412
0.237 -0.10191055 0.00181089
0.238 -0.10197698 0.00180764
0.239 -0.10204361 0.00180438
0.240 -0.10211045 0.00180110
0.241 -0.10217750 0.00179780
0.242 -0.10224476 0.00179449
0.243 -0.10231222 0.00179117
0.244 -0.10237988 0.00178782
0.245 -0.10244774 0.00178446
0.246 -0.10251580 0.00178109
0.247 -0.10258406 0.00177770
0.248 -0.10265252 0.00177429
0.249 -0.10272118 0.00177087
0.250 -0.10279003 0.00176743
0.251 -0.10285907 0.00176398
0.252 -0.10292831 0.00176050
0.253 -0.10299773 0.00175702
0.254 -0.10306735 0.00175351
0.255 -0.10313715 0.00174999
0.256 -0.10320714 0.00174646
0.257 -0.10327732 0.00174291
0.258 -0.10334768 0.00173934
0.259 -0.10341822 0.00173575
0.260 -0.10348894 0.00173215
0.261 -0.10355984 0.00172853
0.262 -0.10363091 0.00172490
0.263 -0.10370217 0.00172125
0.264 -0.10377360 0.00171758
0.265 -0.10384520 0.00171390
0.266 -0.10391697 0.00171020
0.267 -0.10398891 0.00170649
0.268 -0.10406102 0.00170275
0.269 -0.10413330 0.00169900
0.270 -0.10420574 0.00169524
0.271 -0.10427834 0.00169146
0.272 -0.10435111 0.00168766
0.273 -0.10442403 0.00168384
0.274 -0.10449711 0.00168001
0.275 -0.10457035 0.00167616
0.276 -0.10464375 0.00167230
0.277 -0.10471729 0.00166841
0.278 -0.10479099 0.00166451
0.279 -0.10486484 0.00166060
0.280 -0.10493883 0.00165666
0.281 -0.10501297 0.00165272
0.282 -0.10508725 0.00164875
0.283 -0.10516168 0.00164477
0.284 -0.10523624 0.00164076
0.285 -0.10531094 0.00163675
0.286 -0.10538578 0.00163271
0.287 -0.10546075 0.00162866
0.288 -0.10553586 0.00162459
0.289 -0.10561109 0.00162051
0.290 -0.10568646 0.00161641
0.291 -0.10576194 0.00161229
0.292 -0.10583756 0.00160815
0.293 -0.10591329 0.00160399
0.294 -0.10598914 0.00159982
0.295 -0.10606512 0.00159564
0.296 -0.10614120 0.00159143
0.297 -0.10621740 0.00158721
0.298 -0.10629372 0.00158297
0.299 -0.10637014 0.00157871
0.300 -0.10644667 0.00157443
0.301 -0.10652330 0.00157014
0.302 -0.10660003 0.00156583
0.303 -0.10667687 0.00156151
0.304 -0.10675380 0.00155716
0.305 -0.10683083 0.00155280
0.306 -0.10690795 0.00154842
0.307 -0.10698516 0.00154402
0.308 -0.10706246 0.00153961
0.309 -0.10713985 0.00153518
0.310 -0.10721732 0.00153073
0.311 -0.10729487 0.00152626
0.312 -0.10737250 0.00152178
0.313 -0.10745020 0.00151727
0.314 -0.10752798 0.00151275
0.315 -0.10760583 0.00150822
0.316 -0.10768375 0.00150366
0.317 -0.10776173 0.00149909
0.318 -0.10783978 0.00149450
0.319 -0.10791789 0.00148989
0.320 -0.10799605 0.00148526
0.321 -0.10807427 0.00148062
0.322 -0.10815255 0.00147595
0.323 -0.10823087 0.00147127
0.324 -0.10830924 0.00146658
0.325 -0.10838765 0.00146186
0.326 -0.10846611 0.00145713
0.327 -0.10854460 0.00145237
0.328 -0.10862313 0.00144760
0.329 -0.10870169 0.00144282
0.330 -0.10878028 0.00143801
0.331 -0.10885890 0.00143319
0.332 -0.10893754 0.00142834
0.333 -0.10901620 0.00142348
0.334 -0.10909488 0.00141860
0.335 -0.10917357 0.00141371
0.336 -0.10925228 0.00140879
0.337 -0.10933099 0.00140386
0.338 -0.10940971 0.00139891
0.339 -0.10948843 0.00139394
0.340 -0.10956714 0.00138895
0.341 -0.10964586 0.00138395
0.342 -0.10972456 0.00137892
0.343 -0.10980326 0.00137388
0.344 -0.10988194 0.00136882
0.345 -0.10996060 0.00136374
0.346 -0.11003924 0.00135864
0.347 -0.11011786 0.00135352
0.348 -0.11019644 0.00134839
0.349 -0.11027500 0.00134324
0.350 -0.11035352 0.00133807
0.351 -0.11043200 0.00133288
0.352 -0.11051044 0.00132767
0.353 -0.11058883 0.00132244
0.354 -0.11066718 0.00131719
0.355 -0.11074547 0.00131193
0.356 -0.11082370 0.00130665
0.357 -0.11090187 0.00130135
0.358 -0.11097997 0.00129603
0.359 -0.11105801 0.00129069
0.360 -0.11113598 0.00128533
0.361 -0.11121387 0.00127995
0.362 -0.11129167 0.00127456
0.363 -0.11136940 0.00126915
0.364 -0.11144703 0.00126371
0.365 -0.11152457 0.00125826
0.366 -0.11160202 0.00125279
0.367 -0.11167937 0.00124731
0.368 -0.11175661 0.00124180
0.369 -0.11183374 0.00123627
0.370 -0.11191076 0.00123073
0.371 -0.11198766 0.00122516
0.372 -0.11206443 0.00121958
0.373 -0.11214109 0.00121398
0.374 -0.11221761 0.00120836
0.375 -0.11229399 0.00120272
0.376 -0.11237024 0.00119706
0.377 -0.11244634 0.00119139
0.378 -0.11252230 0.00118569
0.379 -0.11259810 0.00117998
0.380 -0.11267374 0.00117424
0.381 -0.11274922 0.00116849
0.382 -0.11282453 0.00116272
0.383 -0.11289967 0.00115693
0.384 -0.11297464 0.00115112
0.385 -0.11304942 0.00114529
0.386 -0.11312402 0.00113944
0.387 -0.11319842 0.00113358
0.388 -0.11327263 0.00112769
0.389 -0.11334663 0.00112179
0.390 -0.11342043 0.00111586
0.391 -0.11349402 0.00110992
0.392 -0.11356739 0.00110396
0.393 -0.11364053 0.00109798
0.394 -0.11371346 0.00109198
0.395 -0.11378614 0.00108596
0.396 -0.11385859 0.00107992
0.397 -0.11393080 0.00107386
0.398 -0.11400276 0.00106778
0.399 -0.11407446 0.00106169
0.400 -0.11414590 0.00105557
0.401 -0.11421708 0.00104944
0.402 -0.11428798 0.00104329
0.403 -0.11435861 0.00103712
0.404 -0.11442896 0.00103092
0.405 -0.11449902 0.00102471
0.406 -0.11456878 0.00101848
0.407 -0.11463825 0.00101223
0.408 -0.11470740 0.00100597
0.409 -0.11477625 0.00099968
0.410 -0.11484478 0.00099337
0.411 -0.11491298 0.00098705
0.412 -0.11498085 0.00098070
0.413 -0.11504839 0.00097434
0.414 -0.11511558 0.00096796
0.415 -0.11518243 0.00096155
0.416 -0.11524892 0.00095513
0.417 -0.11531504 0.00094869
0.418 -0.11538080 0.00094223
0.419 -0.11544619 0.00093575
0.420 -0.11551119 0.00092926
0.421 -0.11557580 0.00092274
0.422 -0.11564002 0.00091620
0.423 -0.11570384 0.00090965
0.424 -0.11576725 0.00090307
0.425 -0.11583024 0.00089648
0.426 -0.11589281 0.00088987
0.427 -0.11595495 0.00088323
0.428 -0.11601666 0.00087658
0.429 -0.11607792 0.00086991
0.430 -0.11613873 0.00086322
0.431 -0.11619908 0.00085652
0.432 -0.11625897 0.00084979
0.433 -0.11631839 0.00084304
0.434 -0.11637732 0.00083628
0.435 -0.11643577 0.00082949
0.436 -0.11649372 0.00082269
0.437 -0.11655117 0.00081587
0.438 -0.11660811 0.00080903
0.439 -0.11666453 0.00080217
0.440 -0.11672042 0.00079529
0.441 -0.11677578 0.00078839
0.442 -0.11683060 0.00078147
0.443 -0.11688487 0.00077454
0.444 -0.11693858 0.00076758
0.445 -0.11699172 0.00076061
0.446 -0.11704429 0.00075361
0.447 -0.11709628 0.00074660
0.448 -0.11714767 0.00073957
0.449 -0.11719847 0.00073252
0.450 -0.11724866 0.00072546
0.451 -0.11729823 0.00071837
0.452 -0.11734717 0.00071126
0.453 -0.11739548 0.00070414
0.454 -0.11744315 0.00069700
0.455 -0.11749017 0.00068984
0.456 -0.11753652 0.00068266
0.457 -0.11758221 0.00067546
0.458 -0.11762721 0.00066824
0.459 -0.11767153 0.00066101
0.460 -0.11771515 0.00065375
0.461 -0.11775806 0.00064648
0.462 -0.11780026 0.00063919
0.463 -0.11784173 0.00063188
0.464 -0.11788246 0.00062455
0.465 -0.11792245 0.00061720
0.466 -0.11796169 0.00060984
0.467 -0.11800016 0.00060246
0.468 -0.11803786 0.00059506
0.469 -0.11807477 0.00058764
0.470 -0.11811088 0.00058020
0.471 -0.11814619 0.00057275
0.472 -0.11818069 0.00056527
0.473 -0.11821436 0.00055778
0.474 -0.11824720 0.00055027
0.475 -0.11827918 0.00054275
0.476 -0.11831031 0.00053520
0.477 -0.11834058 0.00052764
0.478 -0.11836996 0.00052006
0.479 -0.11839846 0.00051246
0.480 -0.11842605 0.00050484
0.481 -0.11845274 0.00049721
0.482 -0.11847850 0.00048956
0.483 -0.11850332 0.00048189
0.484 -0.11852721 0.00047420
0.485 -0.11855013 0.00046650
0.486 -0.11857209 0.00045878
0.487 -0.11859306 0.00045104
0.488 -0.11861305 0.00044328
0.489 -0.11863203 0.00043551
0.490 -0.11865000 0.00042772
0.491 -0.11866694 0.00041992
0.492 -0.11868284 0.00041209
0.493 -0.11869769 0.00040425
0.494 -0.11871147 0.00039639
0.495 -0.11872418 0.00038852
0.496 -0.11873580 0.00038063
0.497 -0.11874632 0.00037272
0.498 -0.11875572 0.00036479
0.499 -0.11876400 0.00035685
0.500 -0.11876400 0.00033297
0.501 -0.11876211 0.00032499
0.502 -0.11875907 0.00031701
0.503 -0.11875485 0.00030900
0.504 -0.11874945 0.00030098
0.505 -0.11874284 0.00029295
0.506 -0.11873502 0.00028489
0.507 -0.11872597 0.00027683
0.508 -0.11871568 0.00026875
0.509 -0.11870413 0.00026065
0.510 -0.11869131 0.00025254
0.511 -0.11867720 0.00024441
0.512 -0.11866180 0.00023627
0.513 -0.11864508 0.00022811
0.514 -0.11862703 0.00021994
0.515 -0.11860764 0.00021175
0.516 -0.11858689 0.00020355
0.517 -0.11856476 0.00019534
0.518 -0.11854125 0.00018711
0.519 -0.11851633 0.00017887
0.520 -0.11848999 0.00017061
0.521 -0.11846222 0.00016234
0.522 -0.11843300 0.00015405
0.523 -0.11840231 0.00014575
0.524 -0.11837014 0.00013744
0.525 -0.11833647 0.00012911
0.526 -0.11830129 0.00012077
0.527 -0.11826457 0.00011242
0.528 -0.11822631 0.00010405
0.529 -0.11818649 0.00009567
0.530 -0.11814509 0.00008728
0.531 -0.11810208 0.00007887
0.532 -0.11805747 0.00007046
0.533 -0.11801123 0.00006202
0.534 -0.11796333 0.00005358
0.535 -0.11791377 0.00004513
0.536 -0.11786253 0.00003666
0.537 -0.11780959 0.00002818
0.538 -0.11775494 0.00001969
0.539 -0.11769854 0.00001118
0.540 -0.11764039 0.00000267
0.541 -0.11758047 -0.00000586
0.542 -0.11751876 -0.00001440
0.543 -0.11745524 -0.00002295
0.544 -0.11738990 -0.00003151
0.545 -0.11732271 -0.00004008
0.546 -0.11725365 -0.00004866
0.547 -0.11718271 -0.00005725
0.548 -0.11710987 -0.00006586
0.549 -0.11703510 -0.00007447
0.550 -0.11695840 -0.00008309
0.551 -0.11687973 -0.00009173
0.552 -0.11679908 -0.00010037
0.553 -0.11671643 -0.00010902
0.554 -0.11663176 -0.00011768
0.555 -0.11654505 -0.00012636
0.556 -0.11645627 -0.00013504
0.557 -0.11636542 -0.00014373
0.558 -0.11627246 -0.00015242
0.559 -0.11617737 -0.00016113
0.560 -0.11608014 -0.00016985
0.561 -0.11598075 -0.00017857
0.562 -0.11587917 -0.00018730
0.563 -0.11577538 -0.00019604
0.564 -0.11566936 -0.00020479
0.565 -0.11556108 -0.00021354
0.566 -0.11545053 -0.00022230
0.567 -0.11533769 -0.00023107
0.568 -0.11522252 -0.00023985
0.569 -0.11510501 -0.00024863
0.570 -0.11498514 -0.00025742
0.571 -0.11486288 -0.00026621
0.572 -0.11473821 -0.00027501
0.573 -0.11461111 -0.00028382
0.574 -0.11448154 -0.00029263
0.575 -0.11434950 -0.00030145
0.576 -0.11421495 -0.00031027
0.577 -0.11407787 -0.00031910
0.578 -0.11393824 -0.00032793
0.579 -0.11379603 -0.00033676
0.580 -0.11365122 -0.00034560
0.581 -0.11350378 -0.00035445
0.582 -0.11335369 -0.00036329
0.583 -0.11320093 -0.00037215
0.584 -0.11304546 -0.00038100
0.585 -0.11288726 -0.00038986
0.586 -0.11272631 -0.00039872
0.587 -0.11256258 -0.00040758
0.588 -0.11239604 -0.00041644
0.589 -0.11222667 -0.00042531
0.590 -0.11205444 -0.00043417
0.591 -0.11187932 -0.00044304
0.592 -0.11170129 -0.00045191
0.593 -0.11152032 -0.00046078
0.594 -0.11133639 -0.00046965
0.595 -0.11114946 -0.00047852
0.596 -0.11095950 -0.00048739
0.597 -0.11076650 -0.00049627
0.598 -0.11057042 -0.00050513
0.599 -0.11037122 -0.00051400
0.600 -0.11016890 -0.00052287
0.601 -0.10996340 -0.00053174
0.602 -0.10975471 -0.00054060
0.603 -0.10954280 -0.00054946
0.604 -0.10932764 -0.00055832
0.605 -0.10910919 -0.00056718
0.606 -0.10888743 -0.00057603
0.607 -0.10866232 -0.00058488
0.608 -0.10843384 -0.00059372
0.609 -0.10820196 -0.00060256
0.610 -0.10796663 -0.00061140
0.611 -0.10772785 -0.00062023
0.612 -0.10748556 -0.00062906
0.613 -0.10723974 -0.00063788
0.614 -0.10699036 -0.00064669
0.615 -0.10673739 -0.00065550
0.616 -0.10648079 -0.00066430
0.617 -0.10622052 -0.00067310
0.618 -0.10595657 -0.00068189
0.619 -0.10568889 -0.00069067
0.620 -0.10541745 -0.00069944
0.621 -0.10514222 -0.00070820
0.622 -0.10486316 -0.00071695
0.623 -0.10458024 -0.00072570
0.624 -0.10429342 -0.00073443
0.625 -0.10400267 -0.00074316
0.626 -0.10370796 -0.00075187
0.627 -0.10340924 -0.00076057
0.628 -0.10310649 -0.00076926
0.629 -0.10279967 -0.00077794
0.630 -0.10248874 -0.00078661
0.631 -0.10217366 -0.00079526
0.632 -0.10185440 -0.00080390
0.633 -0.10153093 -0.00081253
0.634 -0.10120320 -0.00082115
0.635 -0.10087117 -0.00082975
0.636 -0.10053481 -0.00083833
0.637 -0.10019409 -0.00084690
0.638 -0.09984895 -0.00085545
0.639 -0.09949937 -0.00086399
0.640 -0.09914531 -0.00087251
0.641 -0.09878672 -0.00088101
0.642 -0.09842357 -0.00088950
0.643 -0.09805581 -0.00089796
0.644 -0.09768341 -0.00090641
0.645 -0.09730632 -0.00091484
0.646 -0.09692451 -0.00092325
0.647 -0.09653794 -0.00093164
0.648 -0.09614655 -0.00094000
0.649 -0.09575032 -0.00094835
0.650 -0.09534919 -0.00095667
0.651 -0.09494313 -0.00096498
0.652 -0.09453210 -0.00097325
0.653 -0.09411605 -0.00098151
0.654 -0.09369493 -0.00098974
0.655 -0.09326870 -0.00099795
0.656 -0.09283733 -0.00100613
0.657 -0.09240076 -0.00101429
0.658 -0.09195896 -0.00102242
0.659 -0.09151186 -0.00103052
0.660 -0.09105944 -0.00103859
0.661 -0.09060165 -0.00104664
0.662 -0.09013843 -0.00105466
0.663 -0.08966975 -0.00106265
0.664 -0.08919555 -0.00107061
0.665 -0.08871579 -0.00107854
0.666 -0.08823042 -0.00108644
0.667 -0.08773940 -0.00109430
0.668 -0.08724267 -0.00110214
0.669 -0.08674019 -0.00110994
0.670 -0.08623191 -0.00111770
0.671 -0.08571778 -0.00112544
0.672 -0.08519775 -0.00113313
0.673 -0.08467176 -0.00114079
0.674 -0.08413978 -0.00114842
0.675 -0.08360175 -0.00115601
0.676 -0.08305761 -0.00116356
0.677 -0.08250732 -0.00117107
0.678 -0.08195083 -0.00117854
0.679 -0.08138807 -0.00118598
0.680 -0.08081901 -0.00119337
0.681 -0.08024359 -0.00120072
0.682 -0.07966174 -0.00120803
0.683 -0.07907343 -0.00121529
0.684 -0.07847859 -0.00122252
0.685 -0.07787718 -0.00122969
0.686 -0.07726913 -0.00123683
0.687 -0.07665439 -0.00124391
0.688 -0.07603291 -0.00125095
0.689 -0.07540462 -0.00125795
0.690 -0.07476948 -0.00126489
0.691 -0.07412742 -0.00127179
0.692 -0.07347839 -0.00127863
0.693 -0.07282233 -0.00128543
0.694 -0.07215918 -0.00129217
0.695 -0.07148888 -0.00129886
0.696 -0.07081138 -0.00130550
0.697 -0.07012661 -0.00131208
0.698 -0.06943451 -0.00131861
0.699 -0.06873503 -0.00132509
0.700 -0.06802810 -0.00133150
0.701 -0.06731366 -0.00133786
0.702 -0.06659165 -0.00134416
0.703 -0.06586201 -0.00135040
0.704 -0.06512467 -0.00135658
0.705 -0.06437957 -0.00136270
0.706 -0.06362664 -0.00136876
0.707 -0.06286583 -0.00137475
0.708 -0.06209707 -0.00138068
0.709 -0.06132029 -0.00138655
0.710 -0.06053543 -0.00139234
0.711 -0.05974242 -0.00139808
0.712 -0.05894120 -0.00140374
0.713 -0.05813169 -0.00140933
0.714 -0.05731383 -0.00141486
0.715 -0.05648756 -0.00142031
0.716 -0.05565279 -0.00142569
0.717 -0.05480948 -0.00143100
0.718 -0.05395754 -0.00143624
0.719 -0.05309690 -0.00144139
0.720 -0.05222750 -0.00144648
0.721 -0.05134926 -0.00145148
0.722 -0.05046211 -0.00145641
0.723 -0.04956598 -0.00146126
0.724 -0.04866080 -0.00146602
0.725 -0.04774650 -0.00147071
0.726 -0.04682299 -0.00147531
0.727 -0.04589021 -0.00147983
0.728 -0.04494808 -0.00148426
0.729 -0.04399653 -0.00148860
0.730 -0.04303547 -0.00149286
0.731 -0.04206484 -0.00149703
0.732 -0.04108456 -0.00150111
0.733 -0.04009454 -0.00150510
0.734 -0.03909472 -0.00150900
0.735 -0.03808501 -0.00151280
0.736 -0.03706533 -0.00151651
0.737 -0.03603561 -0.00152012
0.738 -0.03499575 -0.00152363
0.739 -0.03394569 -0.00152704
0.740 -0.03288534 -0.00153036
0.741 -0.03181462 -0.00153357
0.742 -0.03073345 -0.00153668
0.743 -0.02964173 -0.00153969
0.744 -0.02853940 -0.00154259
0.745 -0.02742636 -0.00154539
0.746 -0.02630252 -0.00154807
0.747 -0.02516781 -0.00155065
0.748 -0.02402214 -0.00155312
0.749 -0.02286541 -0.00155547
0.750 -0.02169755 -0.00155771
0.751 -0.02051846 -0.00155984
0.752 -0.01932806 -0.00156184
0.753 -0.01812625 -0.00156374
0.754 -0.01691294 -0.00156551
0.755 -0.01568805 -0.00156716
0.756 -0.01445148 -0.00156868
0.757 -0.01320315 -0.00157009
0.758 -0.01194295 -0.00157136
0.759 -0.01067080 -0.00157252
0.760 -0.00938659 -0.00157354
0.761 -0.00809024 -0.00157443
0.762 -0.00678166 -0.00157519
0.763 -0.00546073 -0.00157582
0.764 -0.00412738 -0.00157631
0.765 -0.00278149 -0.00157666
0.766 -0.00142298 -0.00157688
0.767 -0.00005173 -0.00157695
0.768 0.00133234 -0.00157689
0.769 0.00272933 -0.00157668
0.770 0.00413936 -0.00157632
0.771 0.00556251 -0.00157582
0.772 0.00699890 -0.00157517
0.773 0.00844862 -0.00157437
0.774 0.00991178 -0.00157342
0.775 0.01138849 -0.00157232
0.776 0.01287884 -0.00157105
0.777 0.01438295 -0.00156963
0.778 0.01590093 -0.00156805
0.779 0.01743287 -0.00156631
0.780 0.01897889 -0.00156441
0.781 0.02053910 -0.00156234
0.782 0.02211361 -0.00156011
0.783 0.02370252 -0.00155770
0.784 0.02530596 -0.00155513
0.785 0.02692403 -0.00155238
0.786 0.02855684 -0.00154946
0.787 0.03020451 -0.00154636
0.788 0.03186715 -0.00154308
0.789 0.03354489 -0.00153962
0.790 0.03523783 -0.00153598
0.791 0.03694609 -0.00153215
0.792 0.03866979 -0.00152814
0.793 0.04040905 -0.00152394
0.794 0.04216399 -0.00151954
0.795 0.04393472 -0.00151496
0.796 0.04572138 -0.00151017
0.797 0.04752408 -0.00150519
0.798 0.04934294 -0.00150001
0.799 0.05117810 -0.00149463
0.800 0.05302966 -0.00148904
0.801 0.05489777 -0.00148325
0.802 0.05678254 -0.00147725
0.803 0.05868410 -0.00147103
0.804 0.06060258 -0.00146460
0.805 0.06253812 -0.00145796
0.806 0.06449083 -0.00145110
0.807 0.06646085 -0.00144402
0.808 0.06844832 -0.00143671
0.809 0.07045336 -0.00142918
0.810 0.07247610 -0.00142142
0.811 0.07451670 -0.00141343
0.812 0.07657526 -0.00140521
0.813 0.07865195 -0.00139675
0.814 0.08074688 -0.00138805
0.815 0.08286021 -0.00137911
0.816 0.08499206 -0.00136993
0.817 0.08714259 -0.00136051
0.818 0.08931192 -0.00135083
0.819 0.09150021 -0.00134091
0.820 0.09370759 -0.00133073
0.821 0.09593421 -0.00132030
0.822 0.09818021 -0.00130960
0.823 0.10044575 -0.00129864
0.824 0.10273096 -0.00128742
0.825 0.10503600 -0.00127594
0.826 0.10736102 -0.00126418
0.827 0.10970615 -0.00125215
0.828 0.11207157 -0.00123984
0.829 0.11445741 -0.00122725
0.830 0.11686383 -0.00121438
0.831 0.11929098 -0.00120123
0.832 0.12173903 -0.00118779
0.833 0.12420812 -0.00117406
0.834 0.12669842 -0.00116003
0.835 0.12921008 -0.00114571
0.836 0.13174326 -0.00113109
0.837 0.13429812 -0.00111616
0.838 0.13687483 -0.00110093
0.839 0.13947354 -0.00108539
0.840 0.14209442 -0.00106954
0.841 0.14473764 -0.00105337
0.842 0.14740335 -0.00103688
0.843 0.15009174 -0.00102007
0.844 0.15280296 -0.00100294
0.845 0.15553719 -0.00098548
0.846 0.15829460 -0.00096768
0.847 0.16107535 -0.00094955
0.848 0.16387962 -0.00093108
0.849 0.16670759 -0.00091227
0.850 0.16955943 -0.00089311
0.851 0.17243532 -0.00087360
0.852 0.17533543 -0.00085374
0.853 0.17825994 -0.00083353
0.854 0.18120903 -0.00081295
0.855 0.18418289 -0.00079201
0.856 0.18718170 -0.00077071
0.857 0.19020563 -0.00074903
0.858 0.19325488 -0.00072698
0.859 0.19632963 -0.00070455
0.860 0.19943006 -0.00068173
0.861 0.20255637 -0.00065853
0.862 0.20570875 -0.00063495
0.863 0.20888738 -0.00061096
0.864 0.21209246 -0.00058658
0.865 0.21532419 -0.00056180
0.866 0.21858275 -0.00053662
0.867 0.22186834 -0.00051102
0.868 0.22518116 -0.00048501
0.869 0.22852141 -0.00045859
0.870 0.23188929 -0.00043174
0.871 0.23528500 -0.00040446
0.872 0.23870874 -0.00037676
0.873 0.24216072 -0.00034862
0.874 0.24564114 -0.00032005
0.875 0.24915021 -0.00029103
0.876 0.25268813 -0.00026156
0.877 0.25625512 -0.00023164
0.878 0.25985139 -0.00020127
0.879 0.26347714 -0.00017044
0.880 0.26713259 -0.00013914
0.881 0.27081796 -0.00010737
0.882 0.27453346 -0.00007513
0.883 0.27827931 -0.00004242
0.884 0.28205573 -0.00000921
0.885 0.28586293 0.00002447
0.886 0.28970115 0.00005865
0.887 0.29357060 0.00009333
0.888 0.29747151 0.00012851
0.889 0.30140410 0.00016420
0.890 0.30536861 0.00020039
0.891 0.30936525 0.00023711
0.892 0.31339427 0.00027434
0.893 0.31745589 0.00031210
0.894 0.32155035 0.00035039
0.895 0.32567788 0.00038922
0.896 0.32983872 0.00042859
0.897 0.33403310 0.00046850
0.898 0.33826127 0.00050897
0.899 0.34252347 0.00054999
0.900 0.34681993 0.00059158
0.901 0.35115091 0.00063373
0.902 0.35551665 0.00067646
0.903 0.35991739 0.00071976
0.904 0.36435339 0.00076365
0.905 0.36882489 0.00080812
0.906 0.37333215 0.00085319
0.907 0.37787541 0.00089886
0.908 0.38245495 0.00094514
0.909 0.38707100 0.00099202
0.910 0.39172383 0.00103953
0.911 0.39641371 0.00108765
0.912 0.40114088 0.00113641
0.913 0.40590562 0.00118580
0.914 0.41070819 0.00123583
0.915 0.41554885 0.00128650
0.916 0.42042787 0.00133783
0.917 0.42534553 0.00138982
0.918 0.43030209 0.00144247
0.919 0.43529783 0.00149579
0.920 0.44033302 0.00154979
0.921 0.44540794 0.00160447
0.922 0.45052287 0.00165984
0.923 0.45567808 0.00171590
0.924 0.46087386 0.00177267
0.925 0.46611049 0.00183014
0.926 0.47138825 0.00188833
0.927 0.47670744 0.00194724
0.928 0.48206834 0.00200688
0.929 0.48747124 0.00206726
0.930 0.49291643 0.00212837
0.931 0.49840421 0.00219024
0.932 0.50393488 0.00225285
0.933 0.50950872 0.00231623
0.934 0.51512604 0.00238038
0.935 0.52078714 0.00244531
0.936 0.52649232 0.00251101
0.937 0.53224188 0.00257751
0.938 0.53803614 0.00264480
0.939 0.54387540 0.00271290
0.940 0.54975998 0.00278181
0.941 0.55569017 0.00285153
0.942 0.56166630 0.00292209
0.943 0.56768868 0.00299347
0.944 0.57375763 0.00306570
0.945 0.57987347 0.00313878
0.946 0.58603651 0.00321271
0.947 0.59224709 0.00328750
0.948 0.59850553 0.00336317
0.949 0.60481214 0.00343971
0.950 0.61116728 0.00351715
0.951 0.61757125 0.00359547
0.952 0.62402440 0.00367471
0.953 0.63052705 0.00375485
0.954 0.63707955 0.00383591
0.955 0.64368224 0.00391789
0.956 0.65033545 0.00400082
0.957 0.65703952 0.00408468
0.958 0.66379481 0.00416950
0.959 0.67060165 0.00425528
0.960 0.67746039 0.00434203
0.961 0.68437138 0.00442975
0.962 0.69133499 0.00451846
0.963 0.69835154 0.00460817
0.964 0.70542142 0.00469888
0.965 0.71254496 0.00479060
0.966 0.71972254 0.00488334
0.967 0.72695451 0.00497712
0.968 0.73424124 0.00507193
0.969 0.74158309 0.00516779
0.970 0.74898044 0.00526471
0.971 0.75643364 0.00536269
0.972 0.76394308 0.00546175
0.973 0.77150912 0.00556189
0.974 0.77913214 0.00566313
0.975 0.78681253 0.00576548
0.976 0.79455065 0.00586894
0.977 0.80234690 0.00597352
0.978 0.81020166 0.00607923
0.979 0.81811532 0.00618609
0.980 0.82608826 0.00629410
0.981 0.83412087 0.00640327
0.982 0.84221357 0.00651362
0.983 0.85036673 0.00662514
0.984 0.85858077 0.00673787
0.985 0.86685608 0.00685179
0.986 0.87519310 0.00696693
0.987 0.88359222 0.00708329
0.988 0.89205389 0.00720089
0.989 0.90057855 0.00731973
0.990 0.90916666 0.00743983
0.991 0.91781872 0.00756120
0.992 0.92653531 0.00768384
0.993 0.93531709 0.00780777
0.994 0.94416499 0.00793300
0.995 0.95308042 0.00805954
0.996 0.96206615 0.00818741
0.997 0.97112902 0.00831660
0.998 0.98029160 0.00844715
0.999 0.98960618 0.00857904
1.000 1.00000000 0.00871245
>>>>>>> origin/main
