1.47431786 13.03634269 0.09094066021342262
0.000 -0.08507192 -0.00458594
0.001 -0.08507201 -0.00458594
0.002 -0.08507227 -0.00458594
0.003 -0.08507253 -0.00458594
0.004 -0.08507282 -0.00458596
0.005 -0.08507323 -0.00458597
0.006 -0.08507376 -0.00458599
0.007 -0.08507440 -0.00458600
0.008 -0.08507514 -0.00458602
0.009 -0.08507599 -0.00458605
0.010 -0.08507694 -0.00458607
0.011 -0.08507799 -0.00458610
0.012 -0.08507914 -0.00458613
0.013 -0.08508039 -0.00458617
0.014 -0.08508174 -0.00458620
0.015 -0.08508319 -0.00458624
0.016 -0.08508474 -0.00458628
0.017 -0.08508639 -0.00458633
0.018 -0.08508814 -0.00458638
0.019 -0.08508998 -0.00458642
0.020 -0.08509193 -0.00458648
0.021 -0.08509398 -0.00458653
0.022 -0.08509612 -0.00458659
0.023 -0.08509837 -0.00458665
0.024 -0.08510071 -0.00458671
0.025 -0.08510315 -0.00458678
0.026 -0.08510569 -0.00458685
0.027 -0.08510833 -0.00458692
0.028 -0.08511107 -0.00458699
0.029 -0.08511390 -0.00458707
0.030 -0.08511683 -0.00458715
0.031 -0.08511986 -0.00458723
0.032 -0.08512299 -0.00458732
0.033 -0.08512622 -0.00458740
0.034 -0.08512954 -0.00458749
0.035 -0.08513296 -0.00458759
0.036 -0.08513648 -0.00458768
0.037 -0.08514009 -0.00458778
0.038 -0.08514380 -0.00458788
0.039 -0.08514761 -0.00458798
0.040 -0.08515151 -0.00458809
0.041 -0.08515551 -0.00458820
0.042 -0.08515960 -0.00458831
0.043 -0.08516379 -0.00458842
0.044 -0.08516808 -0.00458854
0.045 -0.08517246 -0.00458866
0.046 -0.08517693 -0.00458878
0.047 -0.08518150 -0.00458890
0.048 -0.08518616 -0.00458903
0.049 -0.08519092 -0.00458916
0.050 -0.08519577 -0.00458929
0.051 -0.08520071 -0.00458942
0.052 -0.08520575 -0.00458956
0.053 -0.08521088 -0.00458970
0.054 -0.08521610 -0.00458984
0.055 -0.08522142 -0.00458999
0.056 -0.08522682 -0.00459013
0.057 -0.08523232 -0.00459028
0.058 -0.08523791 -0.00459043
0.059 -0.08524359 -0.00459059
0.060 -0.08524937 -0.00459075
0.061 -0.08525523 -0.00459091
0.062 -0.08526118 -0.00459107
0.063 -0.08526722 -0.00459123
0.064 -0.08527335 -0.00459140
0.065 -0.08527957 -0.00459157
0.066 -0.08528588 -0.00459174
0.067 -0.08529228 -0.00459192
0.068 -0.08529877 -0.00459210
0.069 -0.08530534 -0.00459228
0.070 -0.08531200 -0.00459246
0.071 -0.08531875 -0.00459264
0.072 -0.08532558 -0.00459283
0.073 -0.08533250 -0.00459302
0.074 -0.08533950 -0.00459321
0.075 -0.08534659 -0.00459341
0.076 -0.08535377 -0.00459360
0.077 -0.08536103 -0.00459380
0.078 -0.08536837 -0.00459400
0.079 -0.08537579 -0.00459421
0.080 -0.08538330 -0.00459441
0.081 -0.08539090 -0.00459462
0.082 -0.08539857 -0.00459483
0.083 -0.08540632 -0.00459505
0.084 -0.08541416 -0.00459526
0.085 -0.08542208 -0.00459548
0.086 -0.08543008 -0.00459570
0.087 -0.08543815 -0.00459593
0.088 -0.08544631 -0.00459615
0.089 -0.08545454 -0.00459638
0.090 -0.08546286 -0.00459661
0.091 -0.08547125 -0.00459684
0.092 -0.08547972 -0.00459708
0.093 -0.08548826 -0.00459731
0.094 -0.08549688 -0.00459755
0.095 -0.08550558 -0.00459779
0.096 -0.08551435 -0.00459804
0.097 -0.08552320 -0.00459828
0.098 -0.08553212 -0.00459853
0.099 -0.08554111 -0.00459878
0.100 -0.08555018 -0.00459903
0.101 -0.08555931 -0.00459929
0.102 -0.08556852 -0.00459955
0.103 -0.08557781 -0.00459981
0.104 -0.08558716 -0.00460007
0.105 -0.08559658 -0.00460033
0.106 -0.08560607 -0.00460060
0.107 -0.08561563 -0.00460086
0.108 -0.08562525 -0.00460113
0.109 -0.08563495 -0.00460141
0.110 -0.08564471 -0.00460168
0.111 -0.08565453 -0.00460196
0.112 -0.08566442 -0.00460223
0.113 -0.08567438 -0.00460251
0.114 -0.08568440 -0.00460280
0.115 -0.08569448 -0.00460308
0.116 -0.08570463 -0.00460337
0.117 -0.08571484 -0.00460366
0.118 -0.08572511 -0.00460395
0.119 -0.08573544 -0.00460424
0.120 -0.08574583 -0.00460453
0.121 -0.08575627 -0.00460483
0.122 -0.08576678 -0.00460513
0.123 -0.08577735 -0.00460543
0.124 -0.08578797 -0.00460573
0.125 -0.08579864 -0.00460604
0.126 -0.08580938 -0.00460634
0.127 -0.08582016 -0.00460665
0.128 -0.08583100 -0.00460696
0.129 -0.08584190 -0.00460727
0.130 -0.08585284 -0.00460759
0.131 -0.08586384 -0.00460790
0.132 -0.08587489 -0.00460822
0.133 -0.08588598 -0.00460854
0.134 -0.08589713 -0.00460886
0.135 -0.08590832 -0.00460918
0.136 -0.08591957 -0.00460951
0.137 -0.08593085 -0.00460983
0.138 -0.08594219 -0.00461016
0.139 -0.08595356 -0.00461049
0.140 -0.08596499 -0.00461082
0.141 -0.08597645 -0.00461115
0.142 -0.08598796 -0.00461149
0.143 -0.08599950 -0.00461183
0.144 -0.08601109 -0.00461216
0.145 -0.08602272 -0.00461250
0.146 -0.08603438 -0.00461285
0.147 -0.08604608 -0.00461319
0.148 -0.08605782 -0.00461353
0.149 -0.08606960 -0.00461388
0.150 -0.08608140 -0.00461423
0.151 -0.08609325 -0.00461458
0.152 -0.08610512 -0.00461493
0.153 -0.08611703 -0.00461528
0.154 -0.08612896 -0.00461563
0.155 -0.08614093 -0.00461599
0.156 -0.08615292 -0.00461634
0.157 -0.08616495 -0.00461670
0.158 -0.08617699 -0.00461706
0.159 -0.08618907 -0.00461742
0.160 -0.08620117 -0.00461778
0.161 -0.08621329 -0.00461815
0.162 -0.08622543 -0.00461851
0.163 -0.08623759 -0.00461888
0.164 -0.08624978 -0.00461925
0.165 -0.08626198 -0.00461961
0.166 -0.08627420 -0.00461998
0.167 -0.08628644 -0.00462036
0.168 -0.08629869 -0.00462073
0.169 -0.08631096 -0.00462110
0.170 -0.08632324 -0.00462148
0.171 -0.08633554 -0.00462185
0.172 -0.08634784 -0.00462223
0.173 -0.08636015 -0.00462261
0.174 -0.08637248 -0.00462299
0.175 -0.08638480 -0.00462337
0.176 -0.08639714 -0.00462375
0.177 -0.08640948 -0.00462413
0.178 -0.08642182 -0.00462452
0.179 -0.08643417 -0.00462490
0.180 -0.08644652 -0.00462529
0.181 -0.08645886 -0.00462567
0.182 -0.08647121 -0.00462606
0.183 -0.08648355 -0.00462645
0.184 -0.08649589 -0.00462684
0.185 -0.08650823 -0.00462723
0.186 -0.08652055 -0.00462762
0.187 -0.08653287 -0.00462801
0.188 -0.08654518 -0.00462840
0.189 -0.08655748 -0.00462880
0.190 -0.08656977 -0.00462919
0.191 -0.08658204 -0.00462959
0.192 -0.08659430 -0.00462998
0.193 -0.08660654 -0.00463038
0.194 -0.08661876 -0.00463078
0.195 -0.08663097 -0.00463117
0.196 -0.08664315 -0.00463157
0.197 -0.08665532 -0.00463197
0.198 -0.08666746 -0.00463237
0.199 -0.08667957 -0.00463277
0.200 -0.08669166 -0.00463317
0.201 -0.08670372 -0.00463357
0.202 -0.08671575 -0.00463397
0.203 -0.08672775 -0.00463438
0.204 -0.08673972 -0.00463478
0.205 -0.08675165 -0.00463518
0.206 -0.08676355 -0.00463558
0.207 -0.08677541 -0.00463599
0.208 -0.08678723 -0.00463639
0.209 -0.08679901 -0.00463680
0.210 -0.08681075 -0.00463720
0.211 -0.08682245 -0.00463761
0.212 -0.08683410 -0.00463801
0.213 -0.08684571 -0.00463842
0.214 -0.08685726 -0.00463882
0.215 -0.08686877 -0.00463923
0.216 -0.08688022 -0.00463963
0.217 -0.08689162 -0.00464004
0.218 -0.08690297 -0.00464044
0.219 -0.08691425 -0.00464085
0.220 -0.08692548 -0.00464125
0.221 -0.08693665 -0.00464166
0.222 -0.08694776 -0.00464206
0.223 -0.08695880 -0.00464247
0.224 -0.08696978 -0.00464287
0.225 -0.08698069 -0.00464328
0.226 -0.08699152 -0.00464368
0.227 -0.08700229 -0.00464409
0.228 -0.08701299 -0.00464449
0.229 -0.08702361 -0.00464490
0.230 -0.08703415 -0.00464530
0.231 -0.08704461 -0.00464570
0.232 -0.08705500 -0.00464611
0.233 -0.08706530 -0.00464651
0.234 -0.08707551 -0.00464691
0.235 -0.08708564 -0.00464731
0.236 -0.08709568 -0.00464772
0.237 -0.08710563 -0.00464812
0.238 -0.08711549 -0.00464852
0.239 -0.08712525 -0.00464892
0.240 -0.08713492 -0.00464931
0.241 -0.08714448 -0.00464971
0.242 -0.08715395 -0.00465011
0.243 -0.08716331 -0.00465051
0.244 -0.08717257 -0.00465090
0.245 -0.08718172 -0.00465130
0.246 -0.08719076 -0.00465169
0.247 -0.08719970 -0.00465209
0.248 -0.08720851 -0.00465248
0.249 -0.08721721 -0.00465287
0.250 -0.08722580 -0.00465326
0.251 -0.08723426 -0.00465365
0.252 -0.08724260 -0.00465404
0.253 -0.08725082 -0.00465443
0.254 -0.08725891 -0.00465481
0.255 -0.08726687 -0.00465520
0.256 -0.08727470 -0.00465558
0.257 -0.08728239 -0.00465597
0.258 -0.08728995 -0.00465635
0.259 -0.08729737 -0.00465673
0.260 -0.08730465 -0.00465711
0.261 -0.08731179 -0.00465749
0.262 -0.08731878 -0.00465786
0.263 -0.08732562 -0.00465824
0.264 -0.08733231 -0.00465861
0.265 -0.08733885 -0.00465898
0.266 -0.08734523 -0.00465935
0.267 -0.08735146 -0.00465972
0.268 -0.08735752 -0.00466009
0.269 -0.08736342 -0.00466045
0.270 -0.08736916 -0.00466082
0.271 -0.08737473 -0.00466118
0.272 -0.08738012 -0.00466154
0.273 -0.08738534 -0.00466190
0.274 -0.08739039 -0.00466225
0.275 -0.08739526 -0.00466261
0.276 -0.08739995 -0.00466296
0.277 -0.08740445 -0.00466331
0.278 -0.08740877 -0.00466366
0.279 -0.08741289 -0.00466400
0.280 -0.08741683 -0.00466435
0.281 -0.08742056 -0.00466469
0.282 -0.08742411 -0.00466503
0.283 -0.08742745 -0.00466537
0.284 -0.08743058 -0.00466570
0.285 -0.08743351 -0.00466603
0.286 -0.08743623 -0.00466636
0.287 -0.08743874 -0.00466669
0.288 -0.08744103 -0.00466702
0.289 -0.08744311 -0.00466734
0.290 -0.08744496 -0.00466766
0.291 -0.08744659 -0.00466798
0.292 -0.08744799 -0.00466829
0.293 -0.08744917 -0.00466860
0.294 -0.08745011 -0.00466891
0.295 -0.08745081 -0.00466922
0.296 -0.08745127 -0.00466952
0.297 -0.08745149 -0.00466982
0.298 -0.08745147 -0.00467012
0.299 -0.08745120 -0.00467041
0.300 -0.08745067 -0.00467071
0.301 -0.08744989 -0.00467099
0.302 -0.08744885 -0.00467128
0.303 -0.08744755 -0.00467156
0.304 -0.08744598 -0.00467184
0.305 -0.08744415 -0.00467211
0.306 -0.08744204 -0.00467239
0.307 -0.08743966 -0.00467265
0.308 -0.08743700 -0.00467292
0.309 -0.08743405 -0.00467318
0.310 -0.08743083 -0.00467344
0.311 -0.08742731 -0.00467369
0.312 -0.08742350 -0.00467394
0.313 -0.08741940 -0.00467419
0.314 -0.08741499 -0.00467443
0.315 -0.08741028 -0.00467467
0.316 -0.08740527 -0.00467491
0.317 -0.08739994 -0.00467514
0.318 -0.08739431 -0.00467536
0.319 -0.08738835 -0.00467559
0.320 -0.08738207 -0.00467581
0.321 -0.08737547 -0.00467602
0.322 -0.08736854 -0.00467623
0.323 -0.08736128 -0.00467644
0.324 -0.08735368 -0.00467664
0.325 -0.08734574 -0.00467684
0.326 -0.08733745 -0.00467703
0.327 -0.08732882 -0.00467722
0.328 -0.08731984 -0.00467740
0.329 -0.08731050 -0.00467758
0.330 -0.08730080 -0.00467775
0.331 -0.08729073 -0.00467792
0.332 -0.08728030 -0.00467809
0.333 -0.08726950 -0.00467825
0.334 -0.08725832 -0.00467840
0.335 -0.08724676 -0.00467855
0.336 -0.08723481 -0.00467869
0.337 -0.08722248 -0.00467883
0.338 -0.08720976 -0.00467897
0.339 -0.08719663 -0.00467910
0.340 -0.08718311 -0.00467922
0.341 -0.08716918 -0.00467934
0.342 -0.08715484 -0.00467945
0.343 -0.08714009 -0.00467956
0.344 -0.08712492 -0.00467966
0.345 -0.08710932 -0.00467975
0.346 -0.08709330 -0.00467984
0.347 -0.08707684 -0.00467993
0.348 -0.08705995 -0.00468001
0.349 -0.08704262 -0.00468008
0.350 -0.08702484 -0.00468015
0.351 -0.08700661 -0.00468021
0.352 -0.08698792 -0.00468026
0.353 -0.08696878 -0.00468031
0.354 -0.08694917 -0.00468035
0.355 -0.08692909 -0.00468038
0.356 -0.08690854 -0.00468041
0.357 -0.08688751 -0.00468044
0.358 -0.08686599 -0.00468045
0.359 -0.08684399 -0.00468046
0.360 -0.08682149 -0.00468046
0.361 -0.08679849 -0.00468046
0.362 -0.08677499 -0.00468045
0.363 -0.08675098 -0.00468043
0.364 -0.08672646 -0.00468040
0.365 -0.08670142 -0.00468037
0.366 -0.08667585 -0.00468033
0.367 -0.08664975 -0.00468028
0.368 -0.08662312 -0.00468023
0.369 -0.08659595 -0.00468017
0.370 -0.08656824 -0.00468010
0.371 -0.08653997 -0.00468002
0.372 -0.08651115 -0.00467994
0.373 -0.08648177 -0.00467985
0.374 -0.08645182 -0.00467975
0.375 -0.08642130 -0.00467964
0.376 -0.08639020 -0.00467952
0.377 -0.08635852 -0.00467940
0.378 -0.08632625 -0.00467927
0.379 -0.08629338 -0.00467913
0.380 -0.08625991 -0.00467898
0.381 -0.08622584 -0.00467882
0.382 -0.08619116 -0.00467866
0.383 -0.08615585 -0.00467848
0.384 -0.08611993 -0.00467830
0.385 -0.08608337 -0.00467811
0.386 -0.08604618 -0.00467791
0.387 -0.08600835 -0.00467770
0.388 -0.08596987 -0.00467748
0.389 -0.08593074 -0.00467725
0.390 -0.08589095 -0.00467702
0.391 -0.08585049 -0.00467677
0.392 -0.08580936 -0.00467652
0.393 -0.08576755 -0.00467625
0.394 -0.08572506 -0.00467598
0.395 -0.08568188 -0.00467570
0.396 -0.08563800 -0.00467541
0.397 -0.08559341 -0.00467510
0.398 -0.08554812 -0.00467479
0.399 -0.08550211 -0.00467447
0.400 -0.08545537 -0.00467413
0.401 -0.08540791 -0.00467379
0.402 -0.08535971 -0.00467344
0.403 -0.08531077 -0.00467308
0.404 -0.08526108 -0.00467270
0.405 -0.08521063 -0.00467232
0.406 -0.08515941 -0.00467192
0.407 -0.08510743 -0.00467152
0.408 -0.08505467 -0.00467110
0.409 -0.08500113 -0.00467067
0.410 -0.08494679 -0.00467023
0.411 -0.08489165 -0.00466979
0.412 -0.08483571 -0.00466932
0.413 -0.08477896 -0.00466885
0.414 -0.08472139 -0.00466837
0.415 -0.08466299 -0.00466787
0.416 -0.08460375 -0.00466737
0.417 -0.08454368 -0.00466685
0.418 -0.08448275 -0.00466632
0.419 -0.08442097 -0.00466577
0.420 -0.08435832 -0.00466522
0.421 -0.08429480 -0.00466465
0.422 -0.08423040 -0.00466407
0.423 -0.08416511 -0.00466348
0.424 -0.08409893 -0.00466288
0.425 -0.08403185 -0.00466226
0.426 -0.08396385 -0.00466163
0.427 -0.08389494 -0.00466099
0.428 -0.08382509 -0.00466033
0.429 -0.08375432 -0.00465967
0.430 -0.08368260 -0.00465899
0.431 -0.08360993 -0.00465829
0.432 -0.08353630 -0.00465758
0.433 -0.08346170 -0.00465686
0.434 -0.08338613 -0.00465613
0.435 -0.08330957 -0.00465538
0.436 -0.08323202 -0.00465461
0.437 -0.08315347 -0.00465384
0.438 -0.08307390 -0.00465305
0.439 -0.08299333 -0.00465224
0.440 -0.08291172 -0.00465142
0.441 -0.08282908 -0.00465059
0.442 -0.08274539 -0.00464974
0.443 -0.08266065 -0.00464887
0.444 -0.08257485 -0.00464800
0.445 -0.08248797 -0.00464710
0.446 -0.08240002 -0.00464619
0.447 -0.08231097 -0.00464527
0.448 -0.08222083 -0.00464433
0.449 -0.08212958 -0.00464338
0.450 -0.08203721 -0.00464241
0.451 -0.08194372 -0.00464142
0.452 -0.08184909 -0.00464042
0.453 -0.08175331 -0.00463940
0.454 -0.08165638 -0.00463837
0.455 -0.08155829 -0.00463732
0.456 -0.08145902 -0.00463625
0.457 -0.08135856 -0.00463517
0.458 -0.08125691 -0.00463407
0.459 -0.08115406 -0.00463295
0.460 -0.08105000 -0.00463182
0.461 -0.08094471 -0.00463067
0.462 -0.08083818 -0.00462950
0.463 -0.08073042 -0.00462831
0.464 -0.08062140 -0.00462711
0.465 -0.08051111 -0.00462589
0.466 -0.08039955 -0.00462465
0.467 -0.08028670 -0.00462340
0.468 -0.08017256 -0.00462212
0.469 -0.08005711 -0.00462083
0.470 -0.07994034 -0.00461952
0.471 -0.07982225 -0.00461819
0.472 -0.07970282 -0.00461684
0.473 -0.07958203 -0.00461547
0.474 -0.07945989 -0.00461409
0.475 -0.07933637 -0.00461268
0.476 -0.07921148 -0.00461126
0.477 -0.07908518 -0.00460982
0.478 -0.07895749 -0.00460835
0.479 -0.07882837 -0.00460687
0.480 -0.07869783 -0.00460537
0.481 -0.07856585 -0.00460385
0.482 -0.07843241 -0.00460230
0.483 -0.07829752 -0.00460074
0.484 -0.07816115 -0.00459916
0.485 -0.07802329 -0.00459755
0.486 -0.07788393 -0.00459593
0.487 -0.07774307 -0.00459428
0.488 -0.07760068 -0.00459261
0.489 -0.07745676 -0.00459092
0.490 -0.07731129 -0.00458921
0.491 -0.07716426 -0.00458748
0.492 -0.07701566 -0.00458573
0.493 -0.07686547 -0.00458395
0.494 -0.07671369 -0.00458216
0.495 -0.07656030 -0.00458034
0.496 -0.07640529 -0.00457849
0.497 -0.07624864 -0.00457663
0.498 -0.07609035 -0.00457474
0.499 -0.07593039 -0.00457283
0.500 -0.07593039 -0.00459628
0.501 -0.07576653 -0.00459425
0.502 -0.07560095 -0.00459221
0.503 -0.07543364 -0.00459013
0.504 -0.07526459 -0.00458804
0.505 -0.07509378 -0.00458592
0.506 -0.07492120 -0.00458378
0.507 -0.07474685 -0.00458161
0.508 -0.07457069 -0.00457942
0.509 -0.07439272 -0.00457721
0.510 -0.07421293 -0.00457497
0.511 -0.07403130 -0.00457270
0.512 -0.07384782 -0.00457041
0.513 -0.07366247 -0.00456810
0.514 -0.07347524 -0.00456576
0.515 -0.07328611 -0.00456339
0.516 -0.07309507 -0.00456100
0.517 -0.07290211 -0.00455858
0.518 -0.07270721 -0.00455613
0.519 -0.07251035 -0.00455366
0.520 -0.07231152 -0.00455116
0.521 -0.07211070 -0.00454864
0.522 -0.07190789 -0.00454608
0.523 -0.07170306 -0.00454351
0.524 -0.07149620 -0.00454090
0.525 -0.07128729 -0.00453826
0.526 -0.07107632 -0.00453560
0.527 -0.07086327 -0.00453291
0.528 -0.07064813 -0.00453019
0.529 -0.07043088 -0.00452744
0.530 -0.07021150 -0.00452466
0.531 -0.06998998 -0.00452186
0.532 -0.06976630 -0.00451902
0.533 -0.06954045 -0.00451616
0.534 -0.06931240 -0.00451326
0.535 -0.06908215 -0.00451034
0.536 -0.06884968 -0.00450738
0.537 -0.06861496 -0.00450440
0.538 -0.06837798 -0.00450138
0.539 -0.06813873 -0.00449834
0.540 -0.06789719 -0.00449526
0.541 -0.06765333 -0.00449215
0.542 -0.06740715 -0.00448901
0.543 -0.06715863 -0.00448584
0.544 -0.06690774 -0.00448263
0.545 -0.06665447 -0.00447940
0.546 -0.06639881 -0.00447613
0.547 -0.06614072 -0.00447283
0.548 -0.06588021 -0.00446949
0.549 -0.06561724 -0.00446613
0.550 -0.06535180 -0.00446272
0.551 -0.06508387 -0.00445929
0.552 -0.06481343 -0.00445582
0.553 -0.06454046 -0.00445232
0.554 -0.06426495 -0.00444878
0.555 -0.06398688 -0.00444521
0.556 -0.06370622 -0.00444161
0.557 -0.06342295 -0.00443796
0.558 -0.06313707 -0.00443429
0.559 -0.06284854 -0.00443058
0.560 -0.06255735 -0.00442683
0.561 -0.06226348 -0.00442304
0.562 -0.06196691 -0.00441922
0.563 -0.06166761 -0.00441536
0.564 -0.06136558 -0.00441147
0.565 -0.06106078 -0.00440754
0.566 -0.06075320 -0.00440357
0.567 -0.06044281 -0.00439956
0.568 -0.06012961 -0.00439552
0.569 -0.05981355 -0.00439144
0.570 -0.05949463 -0.00438731
0.571 -0.05917283 -0.00438315
0.572 -0.05884811 -0.00437895
0.573 -0.05852047 -0.00437472
0.574 -0.05818987 -0.00437044
0.575 -0.05785630 -0.00436612
0.576 -0.05751974 -0.00436176
0.577 -0.05718015 -0.00435736
0.578 -0.05683753 -0.00435292
0.579 -0.05649185 -0.00434844
0.580 -0.05614308 -0.00434392
0.581 -0.05579121 -0.00433936
0.582 -0.05543620 -0.00433475
0.583 -0.05507805 -0.00433010
0.584 -0.05471671 -0.00432541
0.585 -0.05435218 -0.00432068
0.586 -0.05398443 -0.00431590
0.587 -0.05361343 -0.00431108
0.588 -0.05323916 -0.00430622
0.589 -0.05286160 -0.00430131
0.590 -0.05248072 -0.00429636
0.591 -0.05209650 -0.00429136
0.592 -0.05170891 -0.00428632
0.593 -0.05131793 -0.00428124
0.594 -0.05092354 -0.00427611
0.595 -0.05052570 -0.00427093
0.596 -0.05012440 -0.00426570
0.597 -0.04971961 -0.00426043
0.598 -0.04931131 -0.00425512
0.599 -0.04889946 -0.00424975
0.600 -0.04848405 -0.00424434
0.601 -0.04806505 -0.00423888
0.602 -0.04764242 -0.00423337
0.603 -0.04721615 -0.00422782
0.604 -0.04678621 -0.00422221
0.605 -0.04635258 -0.00421656
0.606 -0.04591521 -0.00421085
0.607 -0.04547410 -0.00420510
0.608 -0.04502921 -0.00419930
0.609 -0.04458051 -0.00419344
0.610 -0.04412798 -0.00418754
0.611 -0.04367159 -0.00418158
0.612 -0.04321131 -0.00417558
0.613 -0.04274712 -0.00416952
0.614 -0.04227898 -0.00416340
0.615 -0.04180686 -0.00415724
0.616 -0.04133075 -0.00415102
0.617 -0.04085060 -0.00414475
0.618 -0.04036640 -0.00413843
0.619 -0.03987811 -0.00413205
0.620 -0.03938570 -0.00412562
0.621 -0.03888914 -0.00411913
0.622 -0.03838841 -0.00411259
0.623 -0.03788347 -0.00410599
0.624 -0.03737430 -0.00409934
0.625 -0.03686085 -0.00409263
0.626 -0.03634312 -0.00408586
0.627 -0.03582105 -0.00407904
0.628 -0.03529462 -0.00407216
0.629 -0.03476381 -0.00406522
0.630 -0.03422857 -0.00405823
0.631 -0.03368888 -0.00405117
0.632 -0.03314471 -0.00404406
0.633 -0.03259602 -0.00403688
0.634 -0.03204278 -0.00402965
0.635 -0.03148496 -0.00402236
0.636 -0.03092253 -0.00401501
0.637 -0.03035546 -0.00400759
0.638 -0.02978370 -0.00400012
0.639 -0.02920724 -0.00399258
0.640 -0.02862603 -0.00398498
0.641 -0.02804004 -0.00397732
0.642 -0.02744923 -0.00396959
0.643 -0.02685358 -0.00396180
0.644 -0.02625306 -0.00395395
0.645 -0.02564761 -0.00394603
0.646 -0.02503722 -0.00393805
0.647 -0.02442184 -0.00393001
0.648 -0.02380144 -0.00392190
0.649 -0.02317598 -0.00391372
0.650 -0.02254544 -0.00390547
0.651 -0.02190977 -0.00389716
0.652 -0.02126893 -0.00388879
0.653 -0.02062290 -0.00388034
0.654 -0.01997163 -0.00387183
0.655 -0.01931509 -0.00386324
0.656 -0.01865324 -0.00385459
0.657 -0.01798604 -0.00384587
0.658 -0.01731346 -0.00383708
0.659 -0.01663545 -0.00382822
0.660 -0.01595199 -0.00381929
0.661 -0.01526303 -0.00381029
0.662 -0.01456853 -0.00380121
0.663 -0.01386846 -0.00379206
0.664 -0.01316277 -0.00378284
0.665 -0.01245143 -0.00377355
0.666 -0.01173440 -0.00376418
0.667 -0.01101163 -0.00375474
0.668 -0.01028310 -0.00374522
0.669 -0.00954875 -0.00373563
0.670 -0.00880854 -0.00372597
0.671 -0.00806244 -0.00371622
0.672 -0.00731041 -0.00370640
0.673 -0.00655240 -0.00369651
0.674 -0.00578838 -0.00368653
0.675 -0.00501829 -0.00367648
0.676 -0.00424210 -0.00366635
0.677 -0.00345977 -0.00365614
0.678 -0.00267125 -0.00364585
0.679 -0.00187650 -0.00363548
0.680 -0.00107548 -0.00362503
0.681 -0.00026815 -0.00361450
0.682 0.00054555 -0.00360388
0.683 0.00136565 -0.00359319
0.684 0.00219220 -0.00358241
0.685 0.00302524 -0.00357155
0.686 0.00386482 -0.00356060
0.687 0.00471098 -0.00354957
0.688 0.00556377 -0.00353846
0.689 0.00642323 -0.00352726
0.690 0.00728941 -0.00351597
0.691 0.00816236 -0.00350459
0.692 0.00904212 -0.00349313
0.693 0.00992875 -0.00348159
0.694 0.01082227 -0.00346995
0.695 0.01172276 -0.00345822
0.696 0.01263024 -0.00344641
0.697 0.01354478 -0.00343450
0.698 0.01446641 -0.00342251
0.699 0.01539519 -0.00341042
0.700 0.01633116 -0.00339824
0.701 0.01727439 -0.00338597
0.702 0.01822490 -0.00337361
0.703 0.01918277 -0.00336115
0.704 0.02014802 -0.00334860
0.705 0.02112073 -0.00333596
0.706 0.02210093 -0.00332321
0.707 0.02308868 -0.00331038
0.708 0.02408403 -0.00329744
0.709 0.02508703 -0.00328441
0.710 0.02609773 -0.00327128
0.711 0.02711619 -0.00325806
0.712 0.02814246 -0.00324473
0.713 0.02917659 -0.00323131
0.714 0.03021864 -0.00321778
0.715 0.03126866 -0.00320415
0.716 0.03232670 -0.00319042
0.717 0.03339282 -0.00317659
0.718 0.03446707 -0.00316266
0.719 0.03554952 -0.00314862
0.720 0.03664020 -0.00313448
0.721 0.03773919 -0.00312024
0.722 0.03884653 -0.00310589
0.723 0.03996229 -0.00309143
0.724 0.04108652 -0.00307686
0.725 0.04221927 -0.00306219
0.726 0.04336061 -0.00304741
0.727 0.04451060 -0.00303252
0.728 0.04566928 -0.00301753
0.729 0.04683673 -0.00300242
0.730 0.04801299 -0.00298720
0.731 0.04919813 -0.00297187
0.732 0.05039222 -0.00295642
0.733 0.05159530 -0.00294087
0.734 0.05280744 -0.00292520
0.735 0.05402871 -0.00290941
0.736 0.05525915 -0.00289352
0.737 0.05649884 -0.00287750
0.738 0.05774784 -0.00286137
0.739 0.05900621 -0.00284512
0.740 0.06027401 -0.00282875
0.741 0.06155130 -0.00281227
0.742 0.06283815 -0.00279566
0.743 0.06413463 -0.00277893
0.744 0.06544080 -0.00276209
0.745 0.06675671 -0.00274512
0.746 0.06808245 -0.00272803
0.747 0.06941807 -0.00271081
0.748 0.07076364 -0.00269347
0.749 0.07211922 -0.00267601
0.750 0.07348489 -0.00265842
0.751 0.07486071 -0.00264070
0.752 0.07624675 -0.00262286
0.753 0.07764308 -0.00260489
0.754 0.07904976 -0.00258679
0.755 0.08046686 -0.00256856
0.756 0.08189446 -0.00255020
0.757 0.08333263 -0.00253171
0.758 0.08478143 -0.00251309
0.759 0.08624093 -0.00249433
0.760 0.08771121 -0.00247544
0.761 0.08919234 -0.00245642
0.762 0.09068439 -0.00243726
0.763 0.09218743 -0.00241796
0.764 0.09370153 -0.00239853
0.765 0.09522678 -0.00237896
0.766 0.09676324 -0.00235925
0.767 0.09831098 -0.00233940
0.768 0.09987009 -0.00231941
0.769 0.10144064 -0.00229928
0.770 0.10302269 -0.00227901
0.771 0.10461634 -0.00225859
0.772 0.10622165 -0.00223803
0.773 0.10783871 -0.00221733
0.774 0.10946758 -0.00219648
0.775 0.11110836 -0.00217548
0.776 0.11276111 -0.00215434
0.777 0.11442591 -0.00213304
0.778 0.11610285 -0.00211160
0.779 0.11779201 -0.00209001
0.780 0.11949346 -0.00206826
0.781 0.12120729 -0.00204637
0.782 0.12293358 -0.00202432
0.783 0.12467240 -0.00200212
0.784 0.12642385 -0.00197976
0.785 0.12818800 -0.00195724
0.786 0.12996494 -0.00193457
0.787 0.13175476 -0.00191175
0.788 0.13355753 -0.00188876
0.789 0.13537334 -0.00186561
0.790 0.13720228 -0.00184230
0.791 0.13904443 -0.00181884
0.792 0.14089988 -0.00179520
0.793 0.14276872 -0.00177141
0.794 0.14465103 -0.00174745
0.795 0.14654690 -0.00172332
0.796 0.14845642 -0.00169903
0.797 0.15037968 -0.00167457
0.798 0.15231677 -0.00164994
0.799 0.15426778 -0.00162514
0.800 0.15623280 -0.00160017
0.801 0.15821192 -0.00157503
0.802 0.16020523 -0.00154972
0.803 0.16221283 -0.00152423
0.804 0.16423481 -0.00149857
0.805 0.16627125 -0.00147273
0.806 0.16832226 -0.00144671
0.807 0.17038793 -0.00142052
0.808 0.17246836 -0.00139414
0.809 0.17456363 -0.00136759
0.810 0.17667386 -0.00134086
0.811 0.17879912 -0.00131394
0.812 0.18093953 -0.00128684
0.813 0.18309517 -0.00125955
0.814 0.18526615 -0.00123208
0.815 0.18745257 -0.00120442
0.816 0.18965452 -0.00117657
0.817 0.19187211 -0.00114854
0.818 0.19410543 -0.00112031
0.819 0.19635460 -0.00109189
0.820 0.19861970 -0.00106328
0.821 0.20090085 -0.00103448
0.822 0.20319814 -0.00100548
0.823 0.20551168 -0.00097628
0.824 0.20784158 -0.00094689
0.825 0.21018793 -0.00091730
0.826 0.21255085 -0.00088751
0.827 0.21493044 -0.00085751
0.828 0.21732681 -0.00082732
0.829 0.21974007 -0.00079692
0.830 0.22217032 -0.00076632
0.831 0.22461767 -0.00073551
0.832 0.22708223 -0.00070449
0.833 0.22956412 -0.00067327
0.834 0.23206344 -0.00064184
0.835 0.23458030 -0.00061019
0.836 0.23711482 -0.00057834
0.837 0.23966710 -0.00054627
0.838 0.24223727 -0.00051399
0.839 0.24482543 -0.00048149
0.840 0.24743171 -0.00044877
0.841 0.25005621 -0.00041583
0.842 0.25269905 -0.00038268
0.843 0.25536035 -0.00034930
0.844 0.25804022 -0.00031570
0.845 0.26073879 -0.00028188
0.846 0.26345617 -0.00024783
0.847 0.26619248 -0.00021356
0.848 0.26894784 -0.00017906
0.849 0.27172237 -0.00014433
0.850 0.27451619 -0.00010937
0.851 0.27732943 -0.00007418
0.852 0.28016221 -0.00003875
0.853 0.28301465 -0.00000309
0.854 0.28588687 0.00003281
0.855 0.28877900 0.00006894
0.856 0.29169117 0.00010531
0.857 0.29462350 0.00014192
0.858 0.29757612 0.00017878
0.859 0.30054915 0.00021587
0.860 0.30354273 0.00025322
0.861 0.30655698 0.00029080
0.862 0.30959203 0.00032864
0.863 0.31264802 0.00036672
0.864 0.31572507 0.00040505
0.865 0.31882332 0.00044364
0.866 0.32194290 0.00048248
0.867 0.32508394 0.00052157
0.868 0.32824658 0.00056092
0.869 0.33143096 0.00060053
0.870 0.33463720 0.00064040
0.871 0.33786544 0.00068052
0.872 0.34111583 0.00072091
0.873 0.34438850 0.00076157
0.874 0.34768358 0.00080249
0.875 0.35100123 0.00084367
0.876 0.35434157 0.00088513
0.877 0.35770476 0.00092685
0.878 0.36109092 0.00096885
0.879 0.36450021 0.00101112
0.880 0.36793277 0.00105366
0.881 0.37138874 0.00109648
0.882 0.37486826 0.00113958
0.883 0.37837149 0.00118296
0.884 0.38189857 0.00122662
0.885 0.38544964 0.00127056
0.886 0.38902486 0.00131479
0.887 0.39262437 0.00135930
0.888 0.39624833 0.00140410
0.889 0.39989688 0.00144919
0.890 0.40357018 0.00149458
0.891 0.40726837 0.00154025
0.892 0.41099162 0.00158622
0.893 0.41474007 0.00163249
0.894 0.41851388 0.00167905
0.895 0.42231321 0.00172592
0.896 0.42613821 0.00177309
0.897 0.42998904 0.00182056
0.898 0.43386585 0.00186833
0.899 0.43776881 0.00191641
0.900 0.44169808 0.00196480
0.901 0.44565382 0.00201350
0.902 0.44963618 0.00206252
0.903 0.45364533 0.00211184
0.904 0.45768144 0.00216149
0.905 0.46174466 0.00221145
0.906 0.46583517 0.00226173
0.907 0.46995312 0.00231233
0.908 0.47409869 0.00236325
0.909 0.47827205 0.00241450
0.910 0.48247335 0.00246608
0.911 0.48670277 0.00251799
0.912 0.49096049 0.00257022
0.913 0.49524666 0.00262279
0.914 0.49956147 0.00267570
0.915 0.50390509 0.00272894
0.916 0.50827769 0.00278252
0.917 0.51267944 0.00283643
0.918 0.51711052 0.00289070
0.919 0.52157111 0.00294530
0.920 0.52606138 0.00300025
0.921 0.53058151 0.00305555
0.922 0.53513169 0.00311120
0.923 0.53971209 0.00316721
0.924 0.54432289 0.00322356
0.925 0.54896427 0.00328027
0.926 0.55363643 0.00333735
0.927 0.55833953 0.00339478
0.928 0.56307377 0.00345257
0.929 0.56783933 0.00351073
0.930 0.57263639 0.00356925
0.931 0.57746516 0.00362815
0.932 0.58232580 0.00368741
0.933 0.58721852 0.00374705
0.934 0.59214350 0.00380706
0.935 0.59710094 0.00386744
0.936 0.60209102 0.00392821
0.937 0.60711395 0.00398936
0.938 0.61216990 0.00405089
0.939 0.61725909 0.00411281
0.940 0.62238169 0.00417512
0.941 0.62753792 0.00423781
0.942 0.63272797 0.00430090
0.943 0.63795204 0.00436438
0.944 0.64321032 0.00442826
0.945 0.64850303 0.00449254
0.946 0.65383035 0.00455722
0.947 0.65919249 0.00462230
0.948 0.66458966 0.00468779
0.949 0.67002206 0.00475368
0.950 0.67548990 0.00481999
0.951 0.68099338 0.00488671
0.952 0.68653271 0.00495384
0.953 0.69210809 0.00502139
0.954 0.69771975 0.00508936
0.955 0.70336788 0.00515775
0.956 0.70905270 0.00522657
0.957 0.71477442 0.00529581
0.958 0.72053325 0.00536548
0.959 0.72632941 0.00543558
0.960 0.73216312 0.00550612
0.961 0.73803458 0.00557709
0.962 0.74394403 0.00564851
0.963 0.74989166 0.00572036
0.964 0.75587771 0.00579265
0.965 0.76190240 0.00586540
0.966 0.76796593 0.00593859
0.967 0.77406855 0.00601223
0.968 0.78021046 0.00608632
0.969 0.78639190 0.00616087
0.970 0.79261308 0.00623588
0.971 0.79887424 0.00631135
0.972 0.80517560 0.00638728
0.973 0.81151739 0.00646368
0.974 0.81789984 0.00654055
0.975 0.82432318 0.00661789
0.976 0.83078764 0.00669570
0.977 0.83729345 0.00677399
0.978 0.84384084 0.00685276
0.979 0.85043006 0.00693201
0.980 0.85706134 0.00701175
0.981 0.86373492 0.00709197
0.982 0.87045104 0.00717268
0.983 0.87720994 0.00725388
0.984 0.88401187 0.00733558
0.985 0.89085708 0.00741778
0.986 0.89774583 0.00750048
0.987 0.90467838 0.00758368
0.988 0.91165501 0.00766739
0.989 0.91867601 0.00775160
0.990 0.92574170 0.00783633
0.991 0.93285244 0.00792157
0.992 0.94000866 0.00800733
0.993 0.94721096 0.00809361
0.994 0.95446018 0.00818041
0.995 0.96175781 0.00826774
0.996 0.96910693 0.00835559
0.997 0.97651539 0.00844398
0.998 0.98400864 0.00853291
0.999 0.99163436 0.00862236
1.000 1.00000000 0.00871245
