0.750 3.47918407 0.02711093 0.05114107
0.000 0.00000000 -0.05114107 1.02432118
0.001 0.00000010 -0.05114106 1.02432118
0.002 0.00000030 -0.05114096 1.02432108
0.003 0.00000062 -0.05114079 1.02432090
0.004 0.00000108 -0.05114055 1.02432066
0.005 0.00000167 -0.05114024 1.02432034
0.006 0.00000239 -0.05113987 1.02431996
0.007 0.00000325 -0.05113943 1.02431950
0.008 0.00000423 -0.05113891 1.02431898
0.009 0.00000534 -0.05113833 1.02431838
0.010 0.00000659 -0.05113768 1.02431772
0.011 0.00000797 -0.05113697 1.02431698
0.012 0.00000948 -0.05113618 1.02431618
0.013 0.00001111 -0.05113533 1.02431531
0.014 0.00001288 -0.05113441 1.02431436
0.015 0.00001479 -0.05113342 1.02431335
0.016 0.00001682 -0.05113236 1.02431226
0.017 0.00001898 -0.05113123 1.02431111
0.018 0.00002128 -0.05113004 1.02430989
0.019 0.00002370 -0.05112877 1.02430859
0.020 0.00002626 -0.05112744 1.02430723
0.021 0.00002895 -0.05112604 1.02430579
0.022 0.00003176 -0.05112458 1.02430429
0.023 0.00003471 -0.05112304 1.02430272
0.024 0.00003779 -0.05112144 1.02430108
0.025 0.00004100 -0.05111976 1.02429936
0.026 0.00004435 -0.05111802 1.02429758
0.027 0.00004782 -0.05111621 1.02429573
0.028 0.00005142 -0.05111434 1.02429380
0.029 0.00005516 -0.05111239 1.02429181
0.030 0.00005902 -0.05111038 1.02428975
0.031 0.00006302 -0.05110830 1.02428762
0.032 0.00006714 -0.05110615 1.02428542
0.033 0.00007140 -0.05110393 1.02428314
0.034 0.00007579 -0.05110164 1.02428080
0.035 0.00008031 -0.05109929 1.02427839
0.036 0.00008496 -0.05109687 1.02427591
0.037 0.00008974 -0.05109438 1.02427336
0.038 0.00009465 -0.05109182 1.02427074
0.039 0.00009969 -0.05108919 1.02426805
0.040 0.00010486 -0.05108650 1.02426529
0.041 0.00011016 -0.05108373 1.02426246
0.042 0.00011559 -0.05108090 1.02425956
0.043 0.00012115 -0.05107800 1.02425659
0.044 0.00012685 -0.05107504 1.02425355
0.045 0.00013267 -0.05107200 1.02425044
0.046 0.00013862 -0.05106890 1.02424726
0.047 0.00014471 -0.05106573 1.02424402
0.048 0.00015092 -0.05106249 1.02424070
0.049 0.00015726 -0.05105918 1.02423731
0.050 0.00016374 -0.05105581 1.02423385
0.051 0.00017034 -0.05105236 1.02423033
0.052 0.00017707 -0.05104885 1.02422673
0.053 0.00018394 -0.05104527 1.02422307
0.054 0.00019093 -0.05104163 1.02421933
0.055 0.00019805 -0.05103791 1.02421553
0.056 0.00020530 -0.05103413 1.02421165
0.057 0.00021269 -0.05103028 1.02420771
0.058 0.00022020 -0.05102636 1.02420369
0.059 0.00022784 -0.05102237 1.02419961
0.060 0.00023561 -0.05101832 1.02419546
0.061 0.00024351 -0.05101420 1.02419124
0.062 0.00025154 -0.05101001 1.02418695
0.063 0.00025970 -0.05100575 1.02418258
0.064 0.00026799 -0.05100142 1.02417815
0.065 0.00027641 -0.05099703 1.02417365
0.066 0.00028496 -0.05099257 1.02416909
0.067 0.00029363 -0.05098804 1.02416445
0.068 0.00030244 -0.05098344 1.02415974
0.069 0.00031137 -0.05097878 1.02415496
0.070 0.00032043 -0.05097405 1.02415012
0.071 0.00032963 -0.05096925 1.02414520
0.072 0.00033895 -0.05096438 1.02414022
0.073 0.00034840 -0.05095945 1.02413516
0.074 0.00035798 -0.05095444 1.02413004
0.075 0.00036768 -0.05094937 1.02412485
0.076 0.00037752 -0.05094424 1.02411958
0.077 0.00038748 -0.05093903 1.02411425
0.078 0.00039758 -0.05093376 1.02410885
0.079 0.00040780 -0.05092842 1.02410338
0.080 0.00041814 -0.05092301 1.02409785
0.081 0.00042862 -0.05091753 1.02409224
0.082 0.00043923 -0.05091199 1.02408656
0.083 0.00044996 -0.05090638 1.02408082
0.084 0.00046082 -0.05090070 1.02407500
0.085 0.00047181 -0.05089496 1.02406912
0.086 0.00048293 -0.05088914 1.02406317
0.087 0.00049417 -0.05088326 1.02405714
0.088 0.00050555 -0.05087732 1.02405105
0.089 0.00051705 -0.05087130 1.02404489
0.090 0.00052867 -0.05086522 1.02403867
0.091 0.00054043 -0.05085907 1.02403237
0.092 0.00055231 -0.05085285 1.02402600
0.093 0.00056432 -0.05084657 1.02401957
0.094 0.00057646 -0.05084022 1.02401306
0.095 0.00058872 -0.05083380 1.02400649
0.096 0.00060111 -0.05082731 1.02399985
0.097 0.00061363 -0.05082076 1.02399314
0.098 0.00062627 -0.05081414 1.02398636
0.099 0.00063904 -0.05080745 1.02397951
0.100 0.00065194 -0.05080070 1.02397260
0.101 0.00066496 -0.05079388 1.02396561
0.102 0.00067811 -0.05078699 1.02395856
0.103 0.00069139 -0.05078004 1.02395144
0.104 0.00070479 -0.05077301 1.02394425
0.105 0.00071832 -0.05076593 1.02393699
0.106 0.00073198 -0.05075877 1.02392966
0.107 0.00074576 -0.05075155 1.02392227
0.108 0.00075966 -0.05074426 1.02391480
0.109 0.00077370 -0.05073690 1.02390727
0.110 0.00078786 -0.05072948 1.02389967
0.111 0.00080214 -0.05072199 1.02389200
0.112 0.00081655 -0.05071443 1.02388426
0.113 0.00083108 -0.05070681 1.02387646
0.114 0.00084574 -0.05069912 1.02386858
0.115 0.00086053 -0.05069136 1.02386064
0.116 0.00087544 -0.05068353 1.02385263
0.117 0.00089047 -0.05067564 1.02384455
0.118 0.00090563 -0.05066769 1.02383641
0.119 0.00092091 -0.05065966 1.02382819
0.120 0.00093632 -0.05065157 1.02381991
0.121 0.00095186 -0.05064342 1.02381156
0.122 0.00096751 -0.05063519 1.02380314
0.123 0.00098330 -0.05062690 1.02379465
0.124 0.00099920 -0.05061855 1.02378610
0.125 0.00101523 -0.05061013 1.02377747
0.126 0.00103139 -0.05060164 1.02376878
0.127 0.00104766 -0.05059308 1.02376002
0.128 0.00106406 -0.05058446 1.02375120
0.129 0.00108059 -0.05057577 1.02374230
0.130 0.00109724 -0.05056702 1.02373334
0.131 0.00111401 -0.05055820 1.02372431
0.132 0.00113090 -0.05054931 1.02371522
0.133 0.00114792 -0.05054036 1.02370605
0.134 0.00116506 -0.05053134 1.02369682
0.135 0.00118233 -0.05052226 1.02368752
0.136 0.00119971 -0.05051310 1.02367815
0.137 0.00121722 -0.05050389 1.02366872
0.138 0.00123485 -0.05049461 1.02365921
0.139 0.00125261 -0.05048526 1.02364964
0.140 0.00127048 -0.05047584 1.02364001
0.141 0.00128848 -0.05046636 1.02363030
0.142 0.00130660 -0.05045682 1.02362053
0.143 0.00132484 -0.05044720 1.02361069
0.144 0.00134320 -0.05043753 1.02360078
0.145 0.00136169 -0.05042778 1.02359081
0.146 0.00138029 -0.05041797 1.02358077
0.147 0.00139902 -0.05040810 1.02357066
0.148 0.00141787 -0.05039816 1.02356049
0.149 0.00143684 -0.05038815 1.02355025
0.150 0.00145593 -0.05037808 1.02353994
0.151 0.00147514 -0.05036794 1.02352956
0.152 0.00149447 -0.05035774 1.02351912
0.153 0.00151392 -0.05034747 1.02350861
0.154 0.00153349 -0.05033714 1.02349803
0.155 0.00155319 -0.05032674 1.02348739
0.156 0.00157300 -0.05031627 1.02347668
0.157 0.00159293 -0.05030574 1.02346590
0.158 0.00161298 -0.05029515 1.02345506
0.159 0.00163315 -0.05028449 1.02344415
0.160 0.00165344 -0.05027376 1.02343317
0.161 0.00167385 -0.05026297 1.02342213
0.162 0.00169438 -0.05025212 1.02341102
0.163 0.00171503 -0.05024120 1.02339984
0.164 0.00173580 -0.05023021 1.02338860
0.165 0.00175668 -0.05021916 1.02337729
0.166 0.00177769 -0.05020804 1.02336591
0.167 0.00179881 -0.05019686 1.02335447
0.168 0.00182005 -0.05018562 1.02334296
0.169 0.00184141 -0.05017431 1.02333139
0.170 0.00186288 -0.05016293 1.02331975
0.171 0.00188448 -0.05015149 1.02330804
0.172 0.00190619 -0.05013999 1.02329627
0.173 0.00192802 -0.05012842 1.02328443
0.174 0.00194996 -0.05011679 1.02327253
0.175 0.00197203 -0.05010509 1.02326056
0.176 0.00199421 -0.05009332 1.02324852
0.177 0.00201650 -0.05008150 1.02323642
0.178 0.00203892 -0.05006961 1.02322425
0.179 0.00206145 -0.05005765 1.02321202
0.180 0.00208409 -0.05004563 1.02319972
0.181 0.00210686 -0.05003354 1.02318735
0.182 0.00212973 -0.05002139 1.02317492
0.183 0.00215273 -0.05000918 1.02316243
0.184 0.00217584 -0.04999690 1.02314986
0.185 0.00219906 -0.04998456 1.02313724
0.186 0.00222240 -0.04997216 1.02312454
0.187 0.00224586 -0.04995969 1.02311179
0.188 0.00226943 -0.04994715 1.02309896
0.189 0.00229311 -0.04993456 1.02308607
0.190 0.00231691 -0.04992189 1.02307312
0.191 0.00234083 -0.04990917 1.02306010
0.192 0.00236486 -0.04989638 1.02304702
0.193 0.00238900 -0.04988353 1.02303387
0.194 0.00241325 -0.04987061 1.02302065
0.195 0.00243762 -0.04985763 1.02300738
0.196 0.00246211 -0.04984459 1.02299403
0.197 0.00248670 -0.04983148 1.02298062
0.198 0.00251141 -0.04981831 1.02296715
0.199 0.00253623 -0.04980507 1.02295361
0.200 0.00256117 -0.04979178 1.02294001
0.201 0.00258622 -0.04977841 1.02292634
0.202 0.00261138 -0.04976499 1.02291261
0.203 0.00263665 -0.04975150 1.02289881
0.204 0.00266203 -0.04973795 1.02288495
0.205 0.00268753 -0.04972434 1.02287102
0.206 0.00271314 -0.04971066 1.02285703
0.207 0.00273885 -0.04969692 1.02284298
0.208 0.00276468 -0.04968311 1.02282886
0.209 0.00279063 -0.04966925 1.02281468
0.210 0.00281668 -0.04965532 1.02280043
0.211 0.00284284 -0.04964133 1.02278612
0.212 0.00286911 -0.04962727 1.02277174
0.213 0.00289550 -0.04961315 1.02275730
0.214 0.00292199 -0.04959897 1.02274280
0.215 0.00294859 -0.04958473 1.02272823
0.216 0.00297531 -0.04957042 1.02271360
0.217 0.00300213 -0.04955606 1.02269891
0.218 0.00302906 -0.04954162 1.02268415
0.219 0.00305610 -0.04952713 1.02266933
0.220 0.00308325 -0.04951258 1.02265444
0.221 0.00311051 -0.04949796 1.02263949
0.222 0.00313788 -0.04948328 1.02262448
0.223 0.00316535 -0.04946853 1.02260940
0.224 0.00319293 -0.04945373 1.02259426
0.225 0.00322062 -0.04943886 1.02257906
0.226 0.00324842 -0.04942393 1.02256380
0.227 0.00327633 -0.04940894 1.02254847
0.228 0.00330434 -0.04939389 1.02253307
0.229 0.00333246 -0.04937877 1.02251762
0.230 0.00336069 -0.04936360 1.02250210
0.231 0.00338902 -0.04934836 1.02248652
0.232 0.00341746 -0.04933306 1.02247088
0.233 0.00344600 -0.04931770 1.02245517
0.234 0.00347466 -0.04930227 1.02243940
0.235 0.00350341 -0.04928679 1.02242357
0.236 0.00353228 -0.04927124 1.02240767
0.237 0.00356124 -0.04925563 1.02239171
0.238 0.00359032 -0.04923996 1.02237569
0.239 0.00361949 -0.04922423 1.02235961
0.240 0.00364878 -0.04920844 1.02234347
0.241 0.00367816 -0.04919259 1.02232726
0.242 0.00370765 -0.04917667 1.02231099
0.243 0.00373725 -0.04916070 1.02229466
0.244 0.00376695 -0.04914466 1.02227826
0.245 0.00379675 -0.04912856 1.02226181
0.246 0.00382665 -0.04911241 1.02224529
0.247 0.00385666 -0.04909619 1.02222871
0.248 0.00388677 -0.04907991 1.02221207
0.249 0.00391699 -0.04906356 1.02219536
0.250 0.00394730 -0.04904716 1.02217860
0.251 0.00397772 -0.04903070 1.02216177
0.252 0.00400824 -0.04901418 1.02214488
0.253 0.00403886 -0.04899760 1.02212793
0.254 0.00406958 -0.04898095 1.02211092
0.255 0.00410041 -0.04896425 1.02209385
0.256 0.00413133 -0.04894748 1.02207671
0.257 0.00416236 -0.04893066 1.02205952
0.258 0.00419348 -0.04891377 1.02204226
0.259 0.00422471 -0.04889683 1.02202494
0.260 0.00425603 -0.04887983 1.02200756
0.261 0.00428746 -0.04886276 1.02199012
0.262 0.00431898 -0.04884564 1.02197262
0.263 0.00435061 -0.04882845 1.02195506
0.264 0.00438233 -0.04881121 1.02193744
0.265 0.00441415 -0.04879390 1.02191975
0.266 0.00444607 -0.04877654 1.02190201
0.267 0.00447809 -0.04875912 1.02188420
0.268 0.00451021 -0.04874163 1.02186634
0.269 0.00454242 -0.04872409 1.02184841
0.270 0.00457473 -0.04870649 1.02183043
0.271 0.00460714 -0.04868883 1.02181238
0.272 0.00463965 -0.04867111 1.02179427
0.273 0.00467225 -0.04865333 1.02177611
0.274 0.00470495 -0.04863549 1.02175788
0.275 0.00473775 -0.04861759 1.02173959
0.276 0.00477064 -0.04859963 1.02172125
0.277 0.00480362 -0.04858162 1.02170284
0.278 0.00483671 -0.04856354 1.02168437
0.279 0.00486988 -0.04854541 1.02166585
0.280 0.00490316 -0.04852722 1.02164726
0.281 0.00493652 -0.04850897 1.02162861
0.282 0.00496999 -0.04849066 1.02160991
0.283 0.00500354 -0.04847229 1.02159114
0.284 0.00503719 -0.04845386 1.02157232
0.285 0.00507093 -0.04843538 1.02155344
0.286 0.00510477 -0.04841684 1.02153449
0.287 0.00513870 -0.04839824 1.02151549
0.288 0.00517272 -0.04837958 1.02149643
0.289 0.00520684 -0.04836086 1.02147731
0.290 0.00524105 -0.04834208 1.02145813
0.291 0.00527535 -0.04832325 1.02143890
0.292 0.00530974 -0.04830436 1.02141960
0.293 0.00534422 -0.04828541 1.02140025
0.294 0.00537879 -0.04826640 1.02138083
0.295 0.00541346 -0.04824734 1.02136136
0.296 0.00544821 -0.04822822 1.02134183
0.297 0.00548306 -0.04820904 1.02132224
0.298 0.00551800 -0.04818980 1.02130259
0.299 0.00555302 -0.04817051 1.02128289
0.300 0.00558814 -0.04815115 1.02126313
0.301 0.00562334 -0.04813174 1.02124330
0.302 0.00565864 -0.04811228 1.02122342
0.303 0.00569402 -0.04809276 1.02120349
0.304 0.00572949 -0.04807317 1.02118349
0.305 0.00576505 -0.04805354 1.02116344
0.306 0.00580070 -0.04803384 1.02114333
0.307 0.00583643 -0.04801409 1.02112316
0.308 0.00587225 -0.04799429 1.02110293
0.309 0.00590816 -0.04797442 1.02108265
0.310 0.00594416 -0.04795450 1.02106231
0.311 0.00598024 -0.04793452 1.02104191
0.312 0.00601641 -0.04791449 1.02102146
0.313 0.00605266 -0.04789440 1.02100095
0.314 0.00608900 -0.04787425 1.02098038
0.315 0.00612542 -0.04785405 1.02095975
0.316 0.00616193 -0.04783379 1.02093907
0.317 0.00619853 -0.04781348 1.02091833
0.318 0.00623521 -0.04779311 1.02089753
0.319 0.00627197 -0.04777268 1.02087668
0.320 0.00630882 -0.04775220 1.02085577
0.321 0.00634575 -0.04773166 1.02083480
0.322 0.00638276 -0.04771107 1.02081378
0.323 0.00641986 -0.04769042 1.02079270
0.324 0.00645703 -0.04766971 1.02077157
0.325 0.00649430 -0.04764895 1.02075038
0.326 0.00653164 -0.04762814 1.02072913
0.327 0.00656906 -0.04760727 1.02070783
0.328 0.00660657 -0.04758634 1.02068647
0.329 0.00664416 -0.04756536 1.02066505
0.330 0.00668183 -0.04754433 1.02064358
0.331 0.00671957 -0.04752324 1.02062206
0.332 0.00675740 -0.04750209 1.02060048
0.333 0.00679531 -0.04748089 1.02057884
0.334 0.00683330 -0.04745964 1.02055715
0.335 0.00687137 -0.04743833 1.02053540
0.336 0.00690951 -0.04741696 1.02051360
0.337 0.00694774 -0.04739555 1.02049174
0.338 0.00698604 -0.04737407 1.02046983
0.339 0.00702442 -0.04735255 1.02044786
0.340 0.00706288 -0.04733097 1.02042584
0.341 0.00710142 -0.04730933 1.02040376
0.342 0.00714003 -0.04728764 1.02038163
0.343 0.00717872 -0.04726590 1.02035945
0.344 0.00721749 -0.04724410 1.02033721
0.345 0.00725633 -0.04722225 1.02031491
0.346 0.00729525 -0.04720035 1.02029256
0.347 0.00733424 -0.04717839 1.02027016
0.348 0.00737331 -0.04715638 1.02024770
0.349 0.00741246 -0.04713431 1.02022519
0.350 0.00745167 -0.04711219 1.02020263
0.351 0.00749097 -0.04709002 1.02018001
0.352 0.00753033 -0.04706780 1.02015733
0.353 0.00756977 -0.04704552 1.02013461
0.354 0.00760929 -0.04702319 1.02011183
0.355 0.00764887 -0.04700081 1.02008900
0.356 0.00768853 -0.04697837 1.02006611
0.357 0.00772826 -0.04695588 1.02004317
0.358 0.00776806 -0.04693334 1.02002018
0.359 0.00780794 -0.04691075 1.01999713
0.360 0.00784788 -0.04688810 1.01997403
0.361 0.00788790 -0.04686540 1.01995088
0.362 0.00792798 -0.04684265 1.01992767
0.363 0.00796814 -0.04681985 1.01990442
0.364 0.00800837 -0.04679699 1.01988111
0.365 0.00804866 -0.04677408 1.01985774
0.366 0.00808903 -0.04675112 1.01983433
0.367 0.00812946 -0.04672811 1.01981086
0.368 0.00816997 -0.04670505 1.01978734
0.369 0.00821054 -0.04668194 1.01976377
0.370 0.00825117 -0.04665877 1.01974015
0.371 0.00829188 -0.04663555 1.01971647
0.372 0.00833265 -0.04661228 1.01969274
0.373 0.00837349 -0.04658896 1.01966896
0.374 0.00841440 -0.04656559 1.01964513
0.375 0.00845537 -0.04654217 1.01962125
0.376 0.00849641 -0.04651870 1.01959732
0.377 0.00853751 -0.04649517 1.01957333
0.378 0.00857868 -0.04647160 1.01954929
0.379 0.00861991 -0.04644797 1.01952521
0.380 0.00866121 -0.04642429 1.01950107
0.381 0.00870257 -0.04640057 1.01947688
0.382 0.00874400 -0.04637679 1.01945264
0.383 0.00878549 -0.04635296 1.01942835
0.384 0.00882704 -0.04632908 1.01940401
0.385 0.00886865 -0.04630515 1.01937961
0.386 0.00891033 -0.04628117 1.01935517
0.387 0.00895207 -0.04625715 1.01933068
0.388 0.00899387 -0.04623307 1.01930613
0.389 0.00903573 -0.04620894 1.01928154
0.390 0.00907765 -0.04618476 1.01925690
0.391 0.00911963 -0.04616053 1.01923220
0.392 0.00916167 -0.04613626 1.01920746
0.393 0.00920377 -0.04611193 1.01918266
0.394 0.00924593 -0.04608755 1.01915782
0.395 0.00928815 -0.04606313 1.01913293
0.396 0.00933043 -0.04603866 1.01910799
0.397 0.00937277 -0.04601413 1.01908300
0.398 0.00941516 -0.04598956 1.01905795
0.399 0.00945762 -0.04596494 1.01903286
0.400 0.00950012 -0.04594027 1.01900773
0.401 0.00954269 -0.04591555 1.01898254
0.402 0.00958531 -0.04589078 1.01895730
0.403 0.00962799 -0.04586597 1.01893202
0.404 0.00967073 -0.04584111 1.01890668
0.405 0.00971351 -0.04581619 1.01888130
0.406 0.00975636 -0.04579123 1.01885587
0.407 0.00979926 -0.04576623 1.01883039
0.408 0.00984221 -0.04574117 1.01880486
0.409 0.00988522 -0.04571607 1.01877929
0.410 0.00992828 -0.04569091 1.01875366
0.411 0.00997139 -0.04566572 1.01872799
0.412 0.01001455 -0.04564047 1.01870227
0.413 0.01005777 -0.04561518 1.01867651
0.414 0.01010104 -0.04558983 1.01865069
0.415 0.01014436 -0.04556444 1.01862483
0.416 0.01018773 -0.04553901 1.01859892
0.417 0.01023116 -0.04551353 1.01857296
0.418 0.01027463 -0.04548800 1.01854696
0.419 0.01031815 -0.04546242 1.01852091
0.420 0.01036173 -0.04543680 1.01849481
0.421 0.01040535 -0.04541113 1.01846867
0.422 0.01044902 -0.04538541 1.01844248
0.423 0.01049274 -0.04535965 1.01841624
0.424 0.01053650 -0.04533384 1.01838995
0.425 0.01058032 -0.04530798 1.01836362
0.426 0.01062418 -0.04528208 1.01833725
0.427 0.01066809 -0.04525613 1.01831082
0.428 0.01071204 -0.04523014 1.01828436
0.429 0.01075605 -0.04520410 1.01825784
0.430 0.01080009 -0.04517802 1.01823128
0.431 0.01084418 -0.04515189 1.01820467
0.432 0.01088832 -0.04512571 1.01817802
0.433 0.01093250 -0.04509949 1.01815132
0.434 0.01097673 -0.04507322 1.01812458
0.435 0.01102100 -0.04504691 1.01809779
0.436 0.01106531 -0.04502055 1.01807096
0.437 0.01110966 -0.04499415 1.01804408
0.438 0.01115406 -0.04496771 1.01801716
0.439 0.01119850 -0.04494121 1.01799019
0.440 0.01124298 -0.04491468 1.01796318
0.441 0.01128750 -0.04488810 1.01793612
0.442 0.01133206 -0.04486147 1.01790902
0.443 0.01137667 -0.04483480 1.01788187
0.444 0.01142131 -0.04480809 1.01785468
0.445 0.01146599 -0.04478133 1.01782744
0.446 0.01151072 -0.04475453 1.01780017
0.447 0.01155548 -0.04472769 1.01777284
0.448 0.01160028 -0.04470080 1.01774548
0.449 0.01164511 -0.04467386 1.01771807
0.450 0.01168999 -0.04464689 1.01769061
0.451 0.01173490 -0.04461987 1.01766312
0.452 0.01177985 -0.04459281 1.01763557
0.453 0.01182483 -0.04456570 1.01760799
0.454 0.01186985 -0.04453855 1.01758036
0.455 0.01191491 -0.04451136 1.01755269
0.456 0.01196000 -0.04448412 1.01752498
0.457 0.01200513 -0.04445685 1.01749723
0.458 0.01205029 -0.04442953 1.01746943
0.459 0.01209548 -0.04440216 1.01744159
0.460 0.01214071 -0.04437476 1.01741370
0.461 0.01218597 -0.04434731 1.01738578
0.462 0.01223126 -0.04431982 1.01735781
0.463 0.01227658 -0.04429229 1.01732980
0.464 0.01232194 -0.04426471 1.01730175
0.465 0.01236733 -0.04423710 1.01727366
0.466 0.01241274 -0.04420944 1.01724552
0.467 0.01245819 -0.04418174 1.01721735
0.468 0.01250367 -0.04415400 1.01718913
0.469 0.01254918 -0.04412622 1.01716087
0.470 0.01259471 -0.04409839 1.01713257
0.471 0.01264028 -0.04407053 1.01710423
0.472 0.01268587 -0.04404262 1.01707584
0.473 0.01273150 -0.04401468 1.01704742
0.474 0.01277714 -0.04398669 1.01701896
0.475 0.01282282 -0.04395866 1.01699045
0.476 0.01286852 -0.04393059 1.01696191
0.477 0.01291425 -0.04390248 1.01693332
0.478 0.01296000 -0.04387433 1.01690469
0.479 0.01300578 -0.04384614 1.01687603
0.480 0.01305159 -0.04381791 1.01684732
0.481 0.01309741 -0.04378964 1.01681858
0.482 0.01314327 -0.04376133 1.01678979
0.483 0.01318914 -0.04373298 1.01676097
0.484 0.01323504 -0.04370460 1.01673210
0.485 0.01328096 -0.04367617 1.01670320
0.486 0.01332690 -0.04364770 1.01667425
0.487 0.01337287 -0.04361919 1.01664527
0.488 0.01341885 -0.04359064 1.01661625
0.489 0.01346486 -0.04356206 1.01658719
0.490 0.01351088 -0.04353343 1.01655809
0.491 0.01355693 -0.04350477 1.01652895
0.492 0.01360300 -0.04347607 1.01649978
0.493 0.01364908 -0.04344733 1.01647056
0.494 0.01369518 -0.04341855 1.01644131
0.495 0.01374130 -0.04338973 1.01641202
0.496 0.01378744 -0.04336087 1.01638269
0.497 0.01383360 -0.04333198 1.01635332
0.498 0.01387977 -0.04330305 1.01632392
0.499 0.01392596 -0.04327408 1.01629447
0.500 0.01397216 -0.04324507 1.01626499
0.501 0.01401838 -0.04321602 1.01623548
0.502 0.01406462 -0.04318694 1.01620592
0.503 0.01411086 -0.04315782 1.01617633
0.504 0.01415713 -0.04312866 1.01614670
0.505 0.01420340 -0.04309947 1.01611704
0.506 0.01424969 -0.04307024 1.01608733
0.507 0.01429599 -0.04304097 1.01605759
0.508 0.01434231 -0.04301166 1.01602782
0.509 0.01438863 -0.04298232 1.01599801
0.510 0.01443497 -0.04295294 1.01596816
0.511 0.01448132 -0.04292353 1.01593828
0.512 0.01452767 -0.04289408 1.01590836
0.513 0.01457404 -0.04286459 1.01587840
0.514 0.01462042 -0.04283507 1.01584841
0.515 0.01466680 -0.04280551 1.01581838
0.516 0.01471319 -0.04277591 1.01578832
0.517 0.01475960 -0.04274628 1.01575822
0.518 0.01480600 -0.04271662 1.01572809
0.519 0.01485242 -0.04268692 1.01569792
0.520 0.01489884 -0.04265718 1.01566772
0.521 0.01494527 -0.04262741 1.01563748
0.522 0.01499170 -0.04259760 1.01560721
0.523 0.01503814 -0.04256776 1.01557690
0.524 0.01508458 -0.04253788 1.01554656
0.525 0.01513103 -0.04250797 1.01551618
0.526 0.01517748 -0.04247803 1.01548577
0.527 0.01522393 -0.04244805 1.01545533
0.528 0.01527039 -0.04241803 1.01542485
0.529 0.01531685 -0.04238798 1.01539434
0.530 0.01536331 -0.04235790 1.01536379
0.531 0.01540977 -0.04232778 1.01533322
0.532 0.01545623 -0.04229763 1.01530260
0.533 0.01550269 -0.04226745 1.01527196
0.534 0.01554916 -0.04223723 1.01524128
0.535 0.01559562 -0.04220698 1.01521057
0.536 0.01564208 -0.04217670 1.01517983
0.537 0.01568854 -0.04214638 1.01514905
0.538 0.01573499 -0.04211603 1.01511824
0.539 0.01578144 -0.04208565 1.01508740
0.540 0.01582789 -0.04205524 1.01505653
0.541 0.01587434 -0.04202479 1.01502562
0.542 0.01592078 -0.04199431 1.01499468
0.543 0.01596722 -0.04196380 1.01496371
0.544 0.01601365 -0.04193325 1.01493271
0.545 0.01606008 -0.04190268 1.01490168
0.546 0.01610650 -0.04187207 1.01487062
0.547 0.01615291 -0.04184143 1.01483952
0.548 0.01619932 -0.04181075 1.01480839
0.549 0.01624572 -0.04178005 1.01477724
0.550 0.01629211 -0.04174932 1.01474605
0.551 0.01633849 -0.04171855 1.01471483
0.552 0.01638487 -0.04168775 1.01468358
0.553 0.01643123 -0.04165692 1.01465230
0.554 0.01647758 -0.04162607 1.01462099
0.555 0.01652393 -0.04159518 1.01458965
0.556 0.01657026 -0.04156426 1.01455828
0.557 0.01661658 -0.04153331 1.01452688
0.558 0.01666289 -0.04150232 1.01449545
0.559 0.01670918 -0.04147131 1.01446399
0.560 0.01675546 -0.04144027 1.01443250
0.561 0.01680173 -0.04140920 1.01440098
0.562 0.01684799 -0.04137810 1.01436943
0.563 0.01689423 -0.04134697 1.01433785
0.564 0.01694045 -0.04131581 1.01430624
0.565 0.01698666 -0.04128462 1.01427461
0.566 0.01703285 -0.04125340 1.01424295
0.567 0.01707903 -0.04122215 1.01421125
0.568 0.01712519 -0.04119088 1.01417953
0.569 0.01717133 -0.04115957 1.01414778
0.570 0.01721745 -0.04112824 1.01411601
0.571 0.01726356 -0.04109688 1.01408420
0.572 0.01730964 -0.04106549 1.01405237
0.573 0.01735570 -0.04103407 1.01402051
0.574 0.01740175 -0.04100262 1.01398862
0.575 0.01744777 -0.04097114 1.01395671
0.576 0.01749378 -0.04093964 1.01392477
0.577 0.01753976 -0.04090811 1.01389280
0.578 0.01758571 -0.04087655 1.01386080
0.579 0.01763165 -0.04084497 1.01382878
0.580 0.01767756 -0.04081335 1.01379673
0.581 0.01772345 -0.04078171 1.01376465
0.582 0.01776931 -0.04075005 1.01373255
0.583 0.01781515 -0.04071835 1.01370042
0.584 0.01786097 -0.04068663 1.01366826
0.585 0.01790675 -0.04065488 1.01363608
0.586 0.01795251 -0.04062311 1.01360388
0.587 0.01799825 -0.04059131 1.01357165
0.588 0.01804395 -0.04055948 1.01353939
0.589 0.01808963 -0.04052763 1.01350710
0.590 0.01813528 -0.04049575 1.01347480
0.591 0.01818090 -0.04046385 1.01344246
0.592 0.01822649 -0.04043192 1.01341011
0.593 0.01827205 -0.04039996 1.01337772
0.594 0.01831758 -0.04036798 1.01334531
0.595 0.01836308 -0.04033598 1.01331288
0.596 0.01840854 -0.04030395 1.01328043
0.597 0.01845398 -0.04027189 1.01324795
0.598 0.01849938 -0.04023981 1.01321544
0.599 0.01854474 -0.04020771 1.01318291
0.600 0.01859008 -0.04017558 1.01315036
0.601 0.01863537 -0.04014343 1.01311779
0.602 0.01868064 -0.04011125 1.01308519
0.603 0.01872587 -0.04007905 1.01305256
0.604 0.01877106 -0.04004682 1.01301992
0.605 0.01881621 -0.04001457 1.01298725
0.606 0.01886133 -0.03998230 1.01295456
0.607 0.01890641 -0.03995000 1.01292185
0.608 0.01895145 -0.03991769 1.01288911
0.609 0.01899646 -0.03988534 1.01285635
0.610 0.01904142 -0.03985298 1.01282357
0.611 0.01908634 -0.03982059 1.01279077
0.612 0.01913123 -0.03978818 1.01275794
0.613 0.01917607 -0.03975574 1.01272509
0.614 0.01922087 -0.03972329 1.01269223
0.615 0.01926563 -0.03969081 1.01265934
0.616 0.01931034 -0.03965831 1.01262643
0.617 0.01935502 -0.03962579 1.01259349
0.618 0.01939965 -0.03959324 1.01256054
0.619 0.01944423 -0.03956068 1.01252757
0.620 0.01948877 -0.03952809 1.01249457
0.621 0.01953326 -0.03949548 1.01246156
0.622 0.01957771 -0.03946285 1.01242852
0.623 0.01962211 -0.03943020 1.01239546
0.624 0.01966647 -0.03939753 1.01236239
0.625 0.01971078 -0.03936484 1.01232929
0.626 0.01975504 -0.03933212 1.01229617
0.627 0.01979925 -0.03929939 1.01226304
0.628 0.01984341 -0.03926664 1.01222988
0.629 0.01988752 -0.03923386 1.01219671
0.630 0.01993158 -0.03920107 1.01216352
0.631 0.01997559 -0.03916825 1.01213030
0.632 0.02001955 -0.03913542 1.01209707
0.633 0.02006345 -0.03910257 1.01206382
0.634 0.02010731 -0.03906969 1.01203055
0.635 0.02015111 -0.03903680 1.01199727
0.636 0.02019485 -0.03900389 1.01196396
0.637 0.02023854 -0.03897096 1.01193064
0.638 0.02028218 -0.03893801 1.01189730
0.639 0.02032576 -0.03890504 1.01186394
0.640 0.02036929 -0.03887206 1.01183056
0.641 0.02041276 -0.03883905 1.01179716
0.642 0.02045617 -0.03880603 1.01176375
0.643 0.02049952 -0.03877299 1.01173032
0.644 0.02054282 -0.03873993 1.01169688
0.645 0.02058606 -0.03870686 1.01166342
0.646 0.02062923 -0.03867376 1.01162994
0.647 0.02067235 -0.03864065 1.01159644
0.648 0.02071541 -0.03860752 1.01156293
0.649 0.02075840 -0.03857438 1.01152940
0.650 0.02080134 -0.03854121 1.01149586
0.651 0.02084421 -0.03850803 1.01146229
0.652 0.02088702 -0.03847484 1.01142872
0.653 0.02092976 -0.03844163 1.01139513
0.654 0.02097245 -0.03840840 1.01136152
0.655 0.02101506 -0.03837515 1.01132790
0.656 0.02105761 -0.03834189 1.01129426
0.657 0.02110010 -0.03830861 1.01126061
0.658 0.02114252 -0.03827532 1.01122694
0.659 0.02118487 -0.03824201 1.01119326
0.660 0.02122716 -0.03820869 1.01115956
0.661 0.02126937 -0.03817535 1.01112585
0.662 0.02131152 -0.03814199 1.01109213
0.663 0.02135360 -0.03810863 1.01105839
0.664 0.02139561 -0.03807524 1.01102464
0.665 0.02143755 -0.03804184 1.01099087
0.666 0.02147942 -0.03800843 1.01095709
0.667 0.02152122 -0.03797500 1.01092330
0.668 0.02156294 -0.03794156 1.01088949
0.669 0.02160459 -0.03790811 1.01085567
0.670 0.02164617 -0.03787464 1.01082184
0.671 0.02168767 -0.03784115 1.01078799
0.672 0.02172910 -0.03780766 1.01075414
0.673 0.02177046 -0.03777415 1.01072027
0.674 0.02181174 -0.03774062 1.01068639
0.675 0.02185294 -0.03770709 1.01065249
0.676 0.02189407 -0.03767354 1.01061859
0.677 0.02193511 -0.03763998 1.01058467
0.678 0.02197608 -0.03760640 1.01055074
0.679 0.02201698 -0.03757282 1.01051680
0.680 0.02205779 -0.03753922 1.01048285
0.681 0.02209852 -0.03750561 1.01044888
0.682 0.02213917 -0.03747198 1.01041491
0.683 0.02217974 -0.03743835 1.01038093
0.684 0.02222023 -0.03740470 1.01034693
0.685 0.02226064 -0.03737104 1.01031293
0.686 0.02230097 -0.03733737 1.01027891
0.687 0.02234121 -0.03730369 1.01024488
0.688 0.02238136 -0.03727000 1.01021085
0.689 0.02242144 -0.03723630 1.01017680
0.690 0.02246142 -0.03720259 1.01014275
0.691 0.02250132 -0.03716887 1.01010868
0.692 0.02254114 -0.03713513 1.01007461
0.693 0.02258087 -0.03710139 1.01004053
0.694 0.02262051 -0.03706764 1.01000644
0.695 0.02266006 -0.03703387 1.00997234
0.696 0.02269952 -0.03700010 1.00993823
0.697 0.02273890 -0.03696632 1.00990411
0.698 0.02277818 -0.03693253 1.00986998
0.699 0.02281737 -0.03689873 1.00983585
0.700 0.02285648 -0.03686492 1.00980171
0.701 0.02289549 -0.03683110 1.00976756
0.702 0.02293440 -0.03679727 1.00973340
0.703 0.02297323 -0.03676344 1.00969924
0.704 0.02301196 -0.03672959 1.00966507
0.705 0.02305059 -0.03669574 1.00963089
0.706 0.02308914 -0.03666188 1.00959670
0.707 0.02312758 -0.03662801 1.00956251
0.708 0.02316593 -0.03659414 1.00952831
0.709 0.02320418 -0.03656025 1.00949410
0.710 0.02324234 -0.03652636 1.00945989
0.711 0.02328040 -0.03649246 1.00942567
0.712 0.02331835 -0.03645856 1.00939145
0.713 0.02335621 -0.03642465 1.00935722
0.714 0.02339397 -0.03639073 1.00932299
0.715 0.02343163 -0.03635681 1.00928875
0.716 0.02346919 -0.03632287 1.00925450
0.717 0.02350665 -0.03628894 1.00922025
0.718 0.02354400 -0.03625499 1.00918600
0.719 0.02358125 -0.03622105 1.00915174
0.720 0.02361840 -0.03618709 1.00911747
0.721 0.02365544 -0.03615313 1.00908320
0.722 0.02369238 -0.03611917 1.00904893
0.723 0.02372921 -0.03608520 1.00901465
0.724 0.02376594 -0.03605122 1.00898037
0.725 0.02380256 -0.03601724 1.00894608
0.726 0.02383907 -0.03598325 1.00891180
0.727 0.02387548 -0.03594927 1.00887750
0.728 0.02391177 -0.03591527 1.00884321
0.729 0.02394796 -0.03588127 1.00880891
0.730 0.02398404 -0.03584727 1.00877461
0.731 0.02402000 -0.03581327 1.00874031
0.732 0.02405586 -0.03577926 1.00870600
0.733 0.02409160 -0.03574524 1.00867169
0.734 0.02412723 -0.03571123 1.00863738
0.735 0.02416275 -0.03567721 1.00860307
0.736 0.02419816 -0.03564319 1.00856876
0.737 0.02423345 -0.03560916 1.00853444
0.738 0.02426862 -0.03557514 1.00850012
0.739 0.02430368 -0.03554111 1.00846581
0.740 0.02433862 -0.03550707 1.00843149
0.741 0.02437345 -0.03547304 1.00839717
0.742 0.02440816 -0.03543900 1.00836285
0.743 0.02444275 -0.03540497 1.00832852
0.744 0.02447722 -0.03537093 1.00829420
0.745 0.02451158 -0.03533689 1.00825988
0.746 0.02454581 -0.03530285 1.00822556
0.747 0.02457992 -0.03526880 1.00819124
0.748 0.02461391 -0.03523476 1.00815691
0.749 0.02464778 -0.03520071 1.00812259
0.750 0.02468152 -0.03516667 1.00808827
0.751 0.02471515 -0.03513262 1.00805395
0.752 0.02474864 -0.03509858 1.00801963
0.753 0.02478202 -0.03506453 1.00798531
0.754 0.02481527 -0.03503049 1.00795100
0.755 0.02484839 -0.03499644 1.00791668
0.756 0.02488139 -0.03496240 1.00788237
0.757 0.02491425 -0.03492836 1.00784806
0.758 0.02494700 -0.03489431 1.00781375
0.759 0.02497961 -0.03486027 1.00777944
0.760 0.02501209 -0.03482623 1.00774514
0.761 0.02504444 -0.03479219 1.00771084
0.762 0.02507667 -0.03475816 1.00767654
0.763 0.02510876 -0.03472412 1.00764224
0.764 0.02514072 -0.03469009 1.00760795
0.765 0.02517255 -0.03465606 1.00757366
0.766 0.02520424 -0.03462203 1.00753937
0.767 0.02523580 -0.03458800 1.00750509
0.768 0.02526723 -0.03455398 1.00747081
0.769 0.02529852 -0.03451995 1.00743654
0.770 0.02532967 -0.03448594 1.00740227
0.771 0.02536069 -0.03445192 1.00736800
0.772 0.02539157 -0.03441791 1.00733374
0.773 0.02542232 -0.03438390 1.00729948
0.774 0.02545292 -0.03434990 1.00726523
0.775 0.02548339 -0.03431590 1.00723098
0.776 0.02551371 -0.03428190 1.00719674
0.777 0.02554390 -0.03424791 1.00716250
0.778 0.02557394 -0.03421392 1.00712827
0.779 0.02560385 -0.03417994 1.00709405
0.780 0.02563361 -0.03414596 1.00705983
0.781 0.02566322 -0.03411199 1.00702562
0.782 0.02569270 -0.03407802 1.00699141
0.783 0.02572202 -0.03404406 1.00695721
0.784 0.02575121 -0.03401010 1.00692302
0.785 0.02578025 -0.03397615 1.00688883
0.786 0.02580914 -0.03394220 1.00685466
0.787 0.02583788 -0.03390826 1.00682048
0.788 0.02586648 -0.03387433 1.00678632
0.789 0.02589492 -0.03384040 1.00675216
0.790 0.02592322 -0.03380648 1.00671802
0.791 0.02595137 -0.03377257 1.00668387
0.792 0.02597936 -0.03373866 1.00664974
0.793 0.02600721 -0.03370476 1.00661562
0.794 0.02603490 -0.03367087 1.00658150
0.795 0.02606244 -0.03363699 1.00654740
0.796 0.02608983 -0.03360311 1.00651330
0.797 0.02611706 -0.03356924 1.00647921
0.798 0.02614414 -0.03353538 1.00644513
0.799 0.02617107 -0.03350153 1.00641106
0.800 0.02619783 -0.03346769 1.00637700
0.801 0.02622444 -0.03343385 1.00634295
0.802 0.02625089 -0.03340003 1.00630891
0.803 0.02627719 -0.03336621 1.00627488
0.804 0.02630332 -0.03333240 1.00624086
0.805 0.02632930 -0.03329860 1.00620685
0.806 0.02635511 -0.03326481 1.00617285
0.807 0.02638076 -0.03323103 1.00613886
0.808 0.02640625 -0.03319726 1.00610489
0.809 0.02643158 -0.03316350 1.00607092
0.810 0.02645675 -0.03312975 1.00603697
0.811 0.02648175 -0.03309601 1.00600303
0.812 0.02650658 -0.03306229 1.00596910
0.813 0.02653126 -0.03302857 1.00593518
0.814 0.02655576 -0.03299486 1.00590127
0.815 0.02658010 -0.03296117 1.00586738
0.816 0.02660427 -0.03292748 1.00583350
0.817 0.02662827 -0.03289381 1.00579963
0.818 0.02665210 -0.03286015 1.00576578
0.819 0.02667577 -0.03282650 1.00573194
0.820 0.02669926 -0.03279287 1.00569811
0.821 0.02672258 -0.03275925 1.00566429
0.822 0.02674573 -0.03272563 1.00563049
0.823 0.02676871 -0.03269204 1.00559671
0.824 0.02679151 -0.03265845 1.00556293
0.825 0.02681414 -0.03262488 1.00552917
0.826 0.02683659 -0.03259132 1.00549543
0.827 0.02685887 -0.03255777 1.00546170
0.828 0.02688097 -0.03252424 1.00542799
0.829 0.02690290 -0.03249072 1.00539429
0.830 0.02692465 -0.03245722 1.00536060
0.831 0.02694621 -0.03242373 1.00532693
0.832 0.02696760 -0.03239026 1.00529328
0.833 0.02698881 -0.03235680 1.00525965
0.834 0.02700984 -0.03232335 1.00522602
0.835 0.02703069 -0.03228992 1.00519242
0.836 0.02705135 -0.03225650 1.00515883
0.837 0.02707183 -0.03222310 1.00512526
0.838 0.02709213 -0.03218972 1.00509170
0.839 0.02711224 -0.03215635 1.00505817
0.840 0.02713217 -0.03212300 1.00502465
0.841 0.02715191 -0.03208966 1.00499114
0.842 0.02717146 -0.03205634 1.00495766
0.843 0.02719083 -0.03202304 1.00492419
0.844 0.02721001 -0.03198975 1.00489074
0.845 0.02722899 -0.03195648 1.00485731
0.846 0.02724779 -0.03192323 1.00482389
0.847 0.02726640 -0.03188999 1.00479050
0.848 0.02728482 -0.03185677 1.00475712
0.849 0.02730304 -0.03182357 1.00472376
0.850 0.02732107 -0.03179039 1.00469042
0.851 0.02733891 -0.03175723 1.00465711
0.852 0.02735655 -0.03172408 1.00462381
0.853 0.02737399 -0.03169096 1.00459053
0.854 0.02739124 -0.03165785 1.00455727
0.855 0.02740829 -0.03162476 1.00452403
0.856 0.02742515 -0.03159169 1.00449081
0.857 0.02744180 -0.03155864 1.00445761
0.858 0.02745826 -0.03152560 1.00442443
0.859 0.02747452 -0.03149259 1.00439127
0.860 0.02749057 -0.03145960 1.00435813
0.861 0.02750642 -0.03142663 1.00432502
0.862 0.02752207 -0.03139367 1.00429193
0.863 0.02753752 -0.03136074 1.00425885
0.864 0.02755276 -0.03132783 1.00422580
0.865 0.02756779 -0.03129494 1.00419277
0.866 0.02758262 -0.03126207 1.00415977
0.867 0.02759725 -0.03122923 1.00412678
0.868 0.02761166 -0.03119640 1.00409382
0.869 0.02762587 -0.03116360 1.00406089
0.870 0.02763986 -0.03113081 1.00402797
0.871 0.02765365 -0.03109805 1.00399508
0.872 0.02766723 -0.03106531 1.00396221
0.873 0.02768059 -0.03103260 1.00392937
0.874 0.02769374 -0.03099991 1.00389654
0.875 0.02770667 -0.03096724 1.00386375
0.876 0.02771940 -0.03093459 1.00383097
0.877 0.02773190 -0.03090197 1.00379823
0.878 0.02774419 -0.03086936 1.00376550
0.879 0.02775626 -0.03083679 1.00373280
0.880 0.02776811 -0.03080424 1.00370013
0.881 0.02777975 -0.03077171 1.00366748
0.882 0.02779116 -0.03073920 1.00363486
0.883 0.02780236 -0.03070672 1.00360226
0.884 0.02781333 -0.03067427 1.00356969
0.885 0.02782408 -0.03064184 1.00353715
0.886 0.02783460 -0.03060943 1.00350463
0.887 0.02784490 -0.03057705 1.00347213
0.888 0.02785498 -0.03054470 1.00343967
0.889 0.02786482 -0.03051237 1.00340723
0.890 0.02787445 -0.03048007 1.00337482
0.891 0.02788384 -0.03044779 1.00334243
0.892 0.02789300 -0.03041554 1.00331007
0.893 0.02790193 -0.03038332 1.00327774
0.894 0.02791063 -0.03035112 1.00324544
0.895 0.02791910 -0.03031895 1.00321317
0.896 0.02792734 -0.03028681 1.00318092
0.897 0.02793534 -0.03025469 1.00314871
0.898 0.02794311 -0.03022261 1.00311652
0.899 0.02795064 -0.03019055 1.00308436
0.900 0.02795793 -0.03015852 1.00305223
0.901 0.02796499 -0.03012651 1.00302013
0.902 0.02797180 -0.03009454 1.00298806
0.903 0.02797838 -0.03006259 1.00295602
0.904 0.02798471 -0.03003067 1.00292401
0.905 0.02799081 -0.02999879 1.00289203
0.906 0.02799666 -0.02996693 1.00286008
0.907 0.02800226 -0.02993510 1.00282816
0.908 0.02800762 -0.02990330 1.00279627
0.909 0.02801273 -0.02987153 1.00276441
0.910 0.02801760 -0.02983979 1.00273258
0.911 0.02802221 -0.02980808 1.00270079
0.912 0.02802658 -0.02977640 1.00266902
0.913 0.02803069 -0.02974475 1.00263729
0.914 0.02803456 -0.02971314 1.00260559
0.915 0.02803817 -0.02968155 1.00257392
0.916 0.02804152 -0.02965000 1.00254229
0.917 0.02804462 -0.02961847 1.00251069
0.918 0.02804747 -0.02958698 1.00247912
0.919 0.02805005 -0.02955553 1.00244758
0.920 0.02805238 -0.02952410 1.00241608
0.921 0.02805444 -0.02949271 1.00238461
0.922 0.02805625 -0.02946135 1.00235318
0.923 0.02805779 -0.02943002 1.00232178
0.924 0.02805907 -0.02939872 1.00229041
0.925 0.02806008 -0.02936746 1.00225908
0.926 0.02806083 -0.02933624 1.00222778
0.927 0.02806131 -0.02930504 1.00219652
0.928 0.02806152 -0.02927388 1.00216529
0.929 0.02806145 -0.02924276 1.00213410
0.930 0.02806112 -0.02921167 1.00210294
0.931 0.02806052 -0.02918061 1.00207182
0.932 0.02805964 -0.02914959 1.00204074
0.933 0.02805848 -0.02911861 1.00200969
0.934 0.02805705 -0.02908766 1.00197868
0.935 0.02805533 -0.02905675 1.00194771
0.936 0.02805334 -0.02902587 1.00191677
0.937 0.02805107 -0.02899503 1.00188587
0.938 0.02804851 -0.02896422 1.00185501
0.939 0.02804567 -0.02893345 1.00182418
0.940 0.02804254 -0.02890272 1.00179339
0.941 0.02803912 -0.02887203 1.00176264
0.942 0.02803542 -0.02884137 1.00173193
0.943 0.02803142 -0.02881075 1.00170126
0.944 0.02802713 -0.02878017 1.00167063
0.945 0.02802255 -0.02874963 1.00164003
0.946 0.02801767 -0.02871912 1.00160948
0.947 0.02801249 -0.02868865 1.00157896
0.948 0.02800701 -0.02865823 1.00154849
0.949 0.02800124 -0.02862784 1.00151805
0.950 0.02799515 -0.02859749 1.00148766
0.951 0.02798877 -0.02856718 1.00145730
0.952 0.02798207 -0.02853691 1.00142699
0.953 0.02797507 -0.02850668 1.00139672
0.954 0.02796776 -0.02847649 1.00136649
0.955 0.02796013 -0.02844634 1.00133630
0.956 0.02795219 -0.02841623 1.00130615
0.957 0.02794393 -0.02838616 1.00127604
0.958 0.02793535 -0.02835614 1.00124598
0.959 0.02792645 -0.02832615 1.00121596
0.960 0.02791723 -0.02829621 1.00118598
0.961 0.02790767 -0.02826631 1.00115604
0.962 0.02789779 -0.02823645 1.00112615
0.963 0.02788758 -0.02820664 1.00109630
0.964 0.02787704 -0.02817686 1.00106650
0.965 0.02786615 -0.02814713 1.00103674
0.966 0.02785493 -0.02811745 1.00100702
0.967 0.02784337 -0.02808781 1.00097735
0.968 0.02783146 -0.02805821 1.00094772
0.969 0.02781920 -0.02802865 1.00091814
0.970 0.02780659 -0.02799914 1.00088860
0.971 0.02779362 -0.02796968 1.00085911
0.972 0.02778030 -0.02794026 1.00082967
0.973 0.02776661 -0.02791088 1.00080027
0.974 0.02775256 -0.02788156 1.00077092
0.975 0.02773814 -0.02785227 1.00074161
0.976 0.02772335 -0.02782304 1.00071236
0.977 0.02770817 -0.02779385 1.00068315
0.978 0.02769262 -0.02776470 1.00065398
0.979 0.02767668 -0.02773561 1.00062487
0.980 0.02766035 -0.02770656 1.00059580
0.981 0.02764362 -0.02767756 1.00056679
0.982 0.02762648 -0.02764861 1.00053782
0.983 0.02760894 -0.02761970 1.00050890
0.984 0.02759099 -0.02759085 1.00048003
0.985 0.02757261 -0.02756204 1.00045121
0.986 0.02755380 -0.02753328 1.00042244
0.987 0.02753456 -0.02750458 1.00039372
0.988 0.02751487 -0.02747592 1.00036505
0.989 0.02749473 -0.02744732 1.00033644
0.990 0.02747412 -0.02741876 1.00030787
0.991 0.02745304 -0.02739026 1.00027936
0.992 0.02743147 -0.02736180 1.00025090
0.993 0.02740939 -0.02733340 1.00022249
0.994 0.02738679 -0.02730506 1.00019414
0.995 0.02736366 -0.02727676 1.00016584
0.996 0.02733996 -0.02724852 1.00013760
0.997 0.02731566 -0.02722033 1.00010940
0.998 0.02729074 -0.02719220 1.00008127
0.999 0.02726512 -0.02716412 1.00005319
1.000 0.02726607 -0.02716403 1.00005309
